305 33. 133

31413311133113414411311311 341313133113113133133131
1413131343 1313113 413413 431 334434 343 1133 341 343 431
43314331313113114113333 113113113113113331333331
3131133433111313131114141 31131313411431433441433411
11131331331133331113133311 1113113333 1131433311331
11411313311333313114311133 313 343133 333 3111334 33 131
334333 1111 A 161 153 514 3134 131143 331 313313333 341 333111.
31441113111333 31331431313 311 333343 113 11431.

1134 313441 M 134313 N 1133141 311 33 3133.

443113 3441311134 313141311133Ι 113311 33 1111 11111 1133.

111 1131433331 13 14 33 331 133 113311 33 3 113.
331111133431311311111333 31131133113311311331.
13343343343111113131 1333311 3131333131143113331113
333113131133. ‘ 11141441141331431131413
331 13 43 14134111133134 313 11343 1331 3 33111 11131 1313
13431311131111131311133133 1131333413311313.
3313313133133133313433433 331111113133111313.
3433311113131131131331343 111333333311113111. ,
13333333133343143343311333 11131331313113314311133
133 3133133133114133 3303 3131 11333.
4113133131134311344433133ι 11 333111 1313 3133 1333 3434
1131331313143431431111333 1143334333111333313114
131 333 303 33433 343 33141341331 11143 1113.

3113413313 1133 1131331331333333 11 33 1131 1433 1133 1313 133
333313 441 11333 33 133 133 113 1 113 133 3333 11434 A 31 134
1331141331311333314331144 34331414331111111331433
131331431413431431113133 1331143.

133413 431 433 1 133133 1111133 11 33 311131 11 0 53.

331 308 333 411 444 433 314 1 13 113331131331113 333131 11333
134 113111 111 11131341341313 111133 11313.
313311113133133131111133 111313313333333.

1
1

3113433331131331331311313 11313313133311413343311
13 133 133 131 333 431 433 433 3133 11313 1434 11141 11133 330
331431131311133133333443 31313433.
434413431433313113113131 31111 3333111111.
133 133 133 333 343343 11111 134 31113 (313 331131 y 133 311 3 13
133133114113331333333343 11313314143331113134131
433131134133311433433431 31311131313114114311133
131133331331113113333433 3133431333113111111143
333331334333133133333333 1333134311141331131331
333413 11141334133111113 31313331334311143111133
113131333443333341431115 1114111331311141331143
133 131 343 334 333 433413 4313 333131333311131133433411
114 31 131 143 333 313313 343 1411 1343 333 1334 11313 11. ¹
431333111141133113133133 3131331333.
13133343333311113141111113 113133113334141331133
314313 341 314 333 331 333133 1 1313443.
333 31311133 313 331 4331131 3331331331133314133333.
3311111311331133313134 33311331131113133133111
433333111334333 3343131 3313333431133313313.
133131131131433431433331 31311331334133111311111
333 331313131111 1113 31 113 333 1433 3131314313133131
111113414433333133134134 14413311113131,
131313333343333331313133 3131133313333311311331433

 

