149 γάρ.

319 423 432 440 499 519 κ 21 27
32 69 86 108 171 180 194 291 427
437 448 501 753 69 101 157 187
197 219 226 311 340 353 445 498
549 580 585 621 623 μ 79 121 154
167 235 275 320 322 354 358 407
435 ν 15 40 115 189 230 313 324
417 ξ 17 40 57 59 93 138 244 270
286 317 321 334 388 421 433 445
463 471 475 488 496 513 ο 17 20
88 211 214 278 355 448 450 495
509 π 86 101 117 122 134 222 294
313 355 398 411 440 470 ρ20 24
257 386 400 404 439 502 511516
537 563 606 σ5 126 136 180 259
287 τ 13 27 73 84 93 130 160163
168 200 240 255 275 276 291 325
360 390 397 407 479 487 504 572
388 121131 155 215 273 282294
305 309 313 394 φ 18 21 36 74
91 150 153 258 337 353 355 χ49
70 96 104 136 215 244 362 414
ψ65 109 124 217 266 362 ω 62
92 183 190 253 255 286 296 395
433 443 452 456 Α 9 12 55 56 80
86 120 152 195 212 217 270 296
356 423 507 525 526 557 581 589
813 14 30 31 37 39 67 68 118
119 141 221 240 248 289 366 386
409 485 555 597 641 687 688 755
769 800 803 834 Γ 28 97 205 294
440 A 44 49 163 172 235286 287
301 305 323 343 360 361 374 413
437 518 532 543 Ε 40 51 87 103
206 341 379 479 517 566 622 667
790 824 839 875 896 Ζ15 85 137
167 190 300 403 411 417423 435
447 Η 34 53 73 144 280 285 328
829 127 311 400401 415 454 473
477 Ι 25 28 49 69 111 204 227
232 241 256 401 422 431 433 650
690 694 706 Κ 25 52 59 66 93
113 118 121 145 188 197 214 251
305 325 355 378 418 421 424 462
493 496 552 Λ 21 180 274 314 332
341 352 390 400 408 469 514 520
527 552 557 600 610 658 668688
692 698 700 735 Μ 52 54 63 118
125 152 165 177 204 217 226 326
338 340 346 359 417 Ν8 13 51
71 89 128 214 223 247 257 262
363 405 431 436 440 511 512 608
677 714 722 778 Ξ 31 99 115 200
206 213 261 305 424 460 474 503

150

088 107 110 135 292 326 448 521
556 599 612 618 628 645 652 657
658 727 Π 22 70 74 102 291 344
383 403 423 448 457 498 510 550
570 609 611 630 658 661 675 699
713 790 846 866 Ρ67 164 221 228
253 354 356 363 364 368 403408
449 502 512 515 527 545 566 598
612 644 661 666 671 Σ34 136 168
191 216 224 247 250 254 259 266
270 296 322 329 373 460 Τ49 80
92 149 150 161 162 186 226 235
334411 Y 18 98 243 246 262 268
306 Φ 51 76 92 165 304 316 331 ’
379 384 391 439 (bis) 536 566 600
Χ50 51 241 254256 275 298 Ψ9
16 20 63 75 123 137 180205 241
276 280 309 379 381 399 410 427
434 445 451 469 479 524 540 544
580 587 619 621 623 627 672 691
774 819 890 894 Ω 49 68 70 223
243 301 384 394 396 401 403 421
525 535 566 630 662 670 708 728
αἲγάρ δ 341 η311 (0. infin.) ρ 132 σ235
ω 376 (0. infin.) H 132 2464 X346.
017197205 ζ344 3333 0156 533
π 99 9163 251 3309 υ 236 φ 200
372 Β 371 A 288 Π 97 X 454.
αἲ γὰρ δή τ 22 Σ 272.
αἲ γὰρ δὴ δ 697 ι 523 υ 169 φ 402
A 189 K 536.

μὴ γὰρ Α 295.

εἰ γάρ y 218 π 148 ρ 513 (εἰγάρ τοι)
ψ21 (e. indie.) ω 284 (c, indic.) Ω 206.
εἰ γὰρ α255 6732 9496 6366 8266
538 Ν276 485 825 Ρ156 561 Τ26
(313413).

εἰ γὰρ δὴ K 433. ’

εἰ γάρ κεν ο 545.

εἰ γάρ κ’ Ψ 344.

εἰ μὲν γάρ Ω 220.

εἰμὲν γὰρ 1515 Μ 67 322·

εἰ μὲν ’γάρ κέ Κ 449.

εἴπερ γάρ Θ 153 Χ 86.

εἴπερ γὰρ v 42 Δ 55 Τ164 Φ 576.
εἴ περ γάρ κεν 9355.

εἴπερ γάρ κ’ 8246 A 580 Β 123 8205
Ν 288.
εἴ περ γάρ χ’ Μ 302.
εἴπερ γάρ τε Α 81 A 160.
εἴ περ γάρ τ’ A 261 Μ 245.

ἢν γὰρ δή I 393.
ἢν περ γὰρ Τ 32 X 487.

 

