175 δὲ. 176

436 435 443 453 610 676 604 611 6161
116146166161 1161611666166661
664 666 666666 666 6 66 66 166 163
136 166666 614666 661 666 666 666
390 466 466 411 416 466 466 6 46 64
14 73 60 64 34 103 117 146 161 166
666 646 661 666 6646666616616161
666 641 666 363 336 466 416 466 666Ι
646 641 661 661 666 671 633 61611
66116664111 166 164161141166
164 166 666616 616616 466 4664461
461 464 416 466 466 Ψ 14 66 166
146 666 666 664 666 666 666 367 330
333 (614) 666 337 447 460 463 470 474
600 530 636 546 650 663 611 666 661
666 641 666 614 611 666 661 166 161
646 661 6 1763133143171 173
· 177 664 333 336 313366370371337
333 (616) 416 466 466 466 416 466 666

116 166 161 166 166 146166161
166 166 114 166166 161616666
661 666 616 666 366 316 337 333 347
0636434743637036 3636
107 116 133 136136 156 116166
133 137 133 666666 666666 363
364 366 374 373 363 336 305 333
334 334 343 366 366 334 404 410
433 433 435 436 457 475 461 433
463 533 634 635 573 48 66 36 44
466116) 66 66 61 66 166 114 166
146 146 160164 161 163160163
616 616 666 661 661 666 666 666
331 334 316 336 336 350 376 366
335 336 401 416 433 431443450
461 464 466 461 464 466 466461
666 641 6466114) 647 546 666 44 14
16 66 46 61 6611 66 61 166111
111 166 166 146 166 116166166

661 661 666 666 614 666666 666 666

736 756 757 776.

666 66 66 666611 103113130131
166 141 146 141 146 646 666666
611666666 664 666 666 356 367
616466 436 443 6 6 6 14 66 66
61 66 66 66 116 164 146161166
166166116 161 166 166 644 666
666 666 666 646 646 661611666
466 416 416 466 461466 γ 4 61 41
46 63 110137167163167 163 173
176 177 173 130133 303 363 373
336 303 306 316 330 333 333 333
354 367 366 417 433 434 431 433
446466 466464416466 466 466666)
6116161666616661414664
67 103 134 139(bis) 136 163165300
313 314 330 331 351 363 367 363
361 377 336 366 301 304 303 311
313 333 333 344 353 363 417 433
433 446 460 463 464 (616) 436 606
606 513 630 637 661 653 573 603
603 616 635 636 634 661 660 706
703 713 766 731 ε 6 66 47 63 63
73 33107116153 171 130134 136
133305331363363366366 373 373
335 331 333 303 304 314 315 313
333 336 333 333 346 373 374 376
376 335 331 403 411 413 433 435

- 444 (7) 461 466466 7676) 466416 16
3313163337363033536660
61 11 16 66 161 141 166176160
166616 666 666 664 661646666
666 6666116) 666 666 616 616 63
61 46 64 61 16 61 66 66 66 66114

661 664 664 666 666 641666666
666 666664 616 666 666666 661
666661 [3701 373 366 331 666446
464466 506 613 613 531 633 533
536 641 644 661 566 567 146116)
11 14 66 66 61 66 43 46 43 61 35
136 166 137 131 136 333 336 333
337 344 346 350 360 366 366 333
304 306 307 333 343 360 367 373
434 433 443 471 633 633 643 646
647 656 663 663 573 563 634 566
667 601 603 633 633 640 μ 6 46
166661164161146166166166164
317 330 335 335 341 343 343 343
363 377 307 311 313 314331335
333 343 366 370 406 403 417 416
431 436 6 34 36 36 37 63 64 61
76 76 36 37 106 166161161 163
164 165 176 161 164 666666 376
363 337 307 336 351 353 354 356
366 373 374 373 333 404 407 431
436 ξ 14 66 61 64 66 66 41 16 66
1161161616) 164 161 166 166 300
306 311 333 341 361364 366 367
363 304 307 306 331 337 343 361
354 410 433 436 444 600 601 603
530 633 633 530 ο 4 13 33 37 33
40 56 63 (614) 63 74 76 166164166
110 116 133 137 130 161146141
166164 166 163 1641661616166
661 661 661 661 616 614 664 666
6666661666] 337 311 616666 333
333 376 373 333 666 416 411 464
466 476 433 433 536 537 633 653
774 6 17 44 46 43 63 60136137

 

