789 τίπτε - τις. 790

ἔτισαν α 352.
τίσετε Φ 134.

τίσειαν 5142. 324 389 224377 578 106 384 489 ⁴
ίτίσατο γ 197 203 3236 3557 3482 536 537 756 769 772 775 38 11 80
8743 τίσατο 5479. 221488 ζ149 150 205 206 232 273
τισόμεθ’ α 435. 275 η 16 199 204 246 915 θ 32 43 198
τισαίμην 5317 X 20 τίσαιτο ν 213 ψ31 229 230 239 254 280 328 371 552 ι35
τισαίμεθα T 208 τισαίατο 3169. 102 142 146 205 384 508 520 ιι 37 45
τῖσαι 3378. 141 259 327 329 502 552 4159 175
τίσασθαι 7303 ν 121 3356 590 Γ 351 184 366 483 558 628 μ48 186 287 300
366 0116. 325 ν 123 167’170180 269 ξ 122170
τίπτε α 225 3333 3313 681 707 810 178 179 269 496 504 522 382 312336
ε87 339 5403 ν417 315 Δ340 2354 420 442 τι 33 72 133 183 301 303 306
Η 24 1185 Λ606 656 Μ 244 ’4143 090 3387 438 449 482 484 497501 547568
117 721 Σ 385 424 Φ 369 Χ8 ἶ1494 σ 756 72218327 382 400407414 540
Ω 90. 201 238 286 350365 558567 335140
τίπτ’(ε) 5494 133 474 ο 33 A 202 201 287 322 368 375 376 380 393 133
3323 Ν 250 Τ16 Φ 394. 157 196 228 291 318324 327 344 361
τίφθ’κ378ι398 Δ243 8447 1137141. 396 397 χ 6 96 132 154 381 429 033
Ίῖρυνθοτ Β 559. 135148149152159187189203 5129
τίς (masc.) α 170225 β 28 332 γ 113 159 170 462 491 A 88 144 198 271
216 6443462 5100 ζ276 32383513) 534 547 330 333 271 354 357 382

τίς νυ, τί νυ v. s. v. vv.
τις (maso.) α 167 216 396 β 82 230233

3333 κ 34335 333531 553 5133333 333 334 553 533 135 335 313 353
5115135 53344333) 53333) 333443 335 451 453 Δ 31 35 153 133 133
τ1ο5υ131φ353χ1351345333 333 333 333315 33153155135
A3540 35313) Γ 333 Ε 353 3133 313345 335 3135533133 454453433
5553333334533334543315333 453533 31373133151153113301
3330433 455533 3133 1333 ο 153 333 4οο 453 433 35 353 353 513
533 3 335 335. 515 1134 143 333 313 5453) 531 5141
τις 355.) 5 335 5151333 v 333 524 111 151 334 314 341 335 511 A 130
ω 314 15 333. 333 333 431 533 55353 315 333 333
53 0 500 ω 355 355) Σ 1333). Ν 55 33 333 334333335451553333
τινα 3333343 3103 (bis) 3353 343 353 333 3133 333 433 453 434
A 333 355) 15333 355). . 531 0 33 133 333 333 333 453533 533
573315011727711564212520233 5533 33 39 303 335 403 440 514
ξ 133 π 53 333. 133 143 154 335 345 354 333 414 433
55551113533351333335. 433433353533 3135135 343333
55433333554315354333353 333 313 333 433433 3οο 51114
30 ο 333 151353). 31 151 153 133335 333335 15133
533433333515133 (μέχρις -). 133135 453 43531131333555135
ιι α 33 343 3435 433 343 5435 335 103 335 331 351 353 355 433 434
315351431344554315313433 343355534354143155335333
μ45οξ334ο3335135431ρ355 354433535 313 353331 335 535 534.
576 τ 71482500 0 351 φ 86110333 τις (fem.) α 166 β 108 121 γ 293 3354
533451334354544534333335 301 535 3144131 535 3445133

4145333 43135133) 544353ς-)
355145 3333413 1335333 51153
433 A 313 434 435 333333 M 310
403 N 355 313 5334 3344 55 31
335353 -P 35 153 443 Σ 3 53 5 30
430 3 35 153351 335 ο 133153
433 454 533 x 133 335 431 3403

ήῆ3333

202 226 254 568 1 200 μ 66 403
ν 234 (bis) 279 ξ 254301 3403407
3451 587 172 346 494 3267330
φ237 383 χ126 151 158 226 305
467 3118125216 ω 7 144 Β 811
Γ45 Δ 532 Ζ 101 142 438 487521
11409 Θ7 181 521 1316 11417
Λ711Ν389Ξ80056411482
Ρ4147 Σ429 ’1201 Φ528 12524.

 

