631 οὐ. · 632

(conf. 11711335 ποτε, οὔπω, οὔπως, 361 349 Η 448 0140 I 339 Ι( 324 Λ 648
τις, 071 τοι), Μ 110 (οὐχ’ἳ) Ξ 471 488 0555 575
0574 α 216 226 298 331 β 11 50 110 Π 140 480 Ρ174 197 450 463 Σ 59
122 184 γ 20 227 251 319 328 484 89 440 Φ 95 108 X 96 159 Ψ 205
494 6 78 240 347534 544 601 712Ὶ 670 Ω 224 679.

744 772 ε 99 155 182 342 ζ57 841 05χ1 Q 716 Π 762.

201 221 258 η 22 39 293 299 305ἒού μὰ υ 339 A 86 Ψ 43.

θ 28 187 223 229 236 307 316 320ζού μάν Ε 895. ¹

333 333 ι 44 341 443433 473 3337 03 μὰν 4 344 ρ 470 Δ 313 Μ 313
553 77120193 573 162 122 232 249 Ν 414 Ξ454 0 16 508 Ρ 41 415
328 380 427 517 553 579 584 μ 282γ 448 Ψ 441.

v 170 209 293 341 427 ξ 82 90151 οὐ μέν v. S. v. μέ .

212 467 481 031 72 98 100 192 321 011 πῃ ε 140 410 Ν 191 Ρ643 Ψ463.
343333 4 307313 337 380 400 43171 οὔ ποτε (0001441. v.) α 303 3333 4373

ᾗ 434 437 447 465 ρ 133 333 333 3331 3 333 η 117 2532 33 7 333 ξ 313

347 352 387 390 454 488 497 546 o 407 φ 38 0337 A234 3396 Ε441
586 011 184 207 232265 280 345 11164 Μ45 Ρ404 Ψ 611.

353 362 373 383 414 τ 25 107 154 071 310τὲ A 261.

156 237 260 3741518) 547568 597601 06 ποτ’ α 433 ζ 325 μ 75 v 132 339
υ 90 135 141 179 202 275 305 322 356 π 367 ρ 114 71771 ω 196 3325
384 392 φ107 233 289 369421 χ 11 Η 91 Ν 100 Χ 458 Ω 426.

31 32 51 132 319 325 ψ 19 40 62 77 05 ποθ’ ξ 94 A 278.

152 269 369 ω 146 244 246 247 249 06 πω (05730) q. v.) y 160 226 383 6269
307 435 524 A 24 95 112 126 180 3358 ζ167 329 0540 ν 335 7171351
301 378 3 2 132 204 241 250 347 0517 0110 φ 132 χ236 317240 ’1224
367 488 745 822 859 Γ 45 52 54 66 3799 Γ 169 306 1440 Κ 293 540 550
120 143 176 223 241 289410 A 24 A 710 Μ203 270 3143 0632 Ρ190
55 56 57 160 168 185 223 224 300 377 Σ287 378 513 ,7216 Ω 411 767.
330 532 Ε 32 85 150 183 191 205 0617456 118 4 455 κ 502 1 184 μ66
218 256 366 456 538 686 768 783 98 π 143 τ 380 φ 123 χ6>ψ 116
802 892Ζ129 165 374 521 523 1169 328 ω 267 A 106 Β 122 553 1148
236 257 362 Θ 21 32 45 164 210 290 Τ 11 X 437 11505.

319 330360 369 414 451 455 461 05 γάρ πω α 196 γ 221 ζ160 ι163
463 477 1225 316 353 356 444 486 κ 174 152166461481 π 192 χ 313
517 536 537 627 678 K 3 121 160 ψ 18 248 ω 188 A 262 3 192 1147
204 275 342 530 Λ 80 125 278 281 Ω 637.

387 389 519 550 614 Μ 171 327 οὐ γάρ πώ α 216 6 141 μ 186 208
Ν 106 109 289 321 470 572 622 674 τ 350 365 A 154 Γ 442 A 331 1152
787 El 62 66 126 212247 335 022 Λ 719 78315 Π 303.

40 106 130 162 166 178 182 248 06 πωςβ 130 310 ε 103 137 212413
492 506 651 700 Π 33 388 540 549 1411 1158 049 (7 12 286 052 τ 555
789 Ρ 147 166 489 518 659 676 φ331 χ136 460 Λ320 Η217 Μ65
Σ 98 163 262367 434 Τ86157 217 Ν 114 325 729 Ρ354 Τ 209 225.
271 377 Y 87 97 134 139 Φ 36 48 05 πώς Μ 337.

103 193 457 462 577 580 Χ 123 262 06 γάρ πως θ 538 π 161 196 4591
265 348 387400 495513 ἶ14488 104 Ξ 63 Ρ464 711.

149 345 430 466 Ω 35 263289 297 05 (γάρ) t' γ 147 ε79 κ 190 ρ 78 Ζ 367.
439 573 584. 06 τιςβ 121 233 6 106 ε 11 η 67 315 3
05310 268 680 632 1493 3238300 0198 239 371 11461483 ξ 122 0451 1
349 Κ 445 0 137 Τ255. τ87 0 201 330368 376 φ 344 ω 29
οὐχ β 40 210 312 ι 478 κ 373 379 A 88 198271 547 Γ 365 451 3665
1511 0242265 07 319162 0376 Ζ16Θ25311417Λ12οΝ222659 ,
545 0 275 τ 257 υ 245 φ 257 427 Ξ 423 0450 509 569 Ρ 100292 Σ105 ³
χ 412 0) 199 Γ 239 Δ498 318185 313 Φ 357 Ψ439.

 

