753 συβόσια - σύν. 754

405 β279 369 711 28 187 200 230 Φ 74 122 399 Χ 20 86 250 256282
375 5162 190 289 312 423463 492 351 356 714345 440 552 Ω 106 175
646 681 022 161 164 341 379 ζ 34 183 206 207 208 297 564 684 688.

149 151 255 303 η 237 θ 352 487 σφῶιχ173Λ776Μ366 2115 714403
549 550 556 ι351 410 479 502 523 σφὼ Α 574 A 782 Ν 47.
ιι 286 291 380 516 166126135171 σφῶιν π 171 ψ 52 Α 257.

217 398 484 μ 38 220 ν 143 291 σφῶινω 209 212 A 341 0413 416 452
302 312 324 331 ξ37115188190 Ν 55 Π556 Ρ451 Ψ408 411 σφῷν
364 392 [517] 035 212 260 277 309 0 62.

338 339 386 393 515 538 π25 32 σφῶιΑ336 Δ286 Ε287Η28011552 .
8495 202 222 224 287307 312316 Ρ443 σφὼ 0 146.

418 433 081 165 279 350418 479 συβόσια (0000031 101 Λ 679.

494 553 556 557 573 582 595 015 συβώτηςξ7 18 2233 121 420 427 432
17 21 63 227 246 289 331 391 τ6 449 0351 389556 π12 3646 49 272
104 107 311 3564363 376 492 500 302 338 457 0184 238 372 0162 253
020 43 47 52 166 306 0168172 0378 0267 284359 454 0297 0150
293 307 322 370381 χ196 397011 156.

26 7081122 258 273 02463 71, συβώτεω ξ459 0304 συβώτη δ 640 ³
251337 373401 405407 Α26 280 ξ524 χ 103 συβύτηνν404 0 38 05
362418 503 553 555 561 587 333 263329 342 374 0190 χ435 0367
34 190261 284 Γ390 414 443 A 31 0359 363 συβῶτα ξ55 165 360 442
315 350359 3252 373 644 810 815 507 0325 381 π 60 135 464 0219
896 2355 407 409 518 1125109 272 311 375 380 512 579 υ 191
331 0102103161284 1100 257 0362 χ194.

284 297 302 485 496 517 600 603 συκέη ω 246,

613 680 K 85 120 279 370 449479 συιιέαιη 116 1 590 συκέας ω 341.

A 383 441 451 606 799 831 Ν 251 4σύειον η 121.

275 374 463 464 465 736 784 820 σύιιῳ η 121.

Ξ83 017 91 245 256 1134492 ἐσύ1οΔ105 3164 Ζ28 Λ110 0524
617 620 623 693 721 842 P17 171 1²60 Χ 368.

Σ 73 85178 182 334 339 Τ 179 288 σύ1α A 116 συλήτην Ν 202.

289420 Y 108 133 188 195 436 συλήσετεΖ 71. ,

Φ 123 338 395 483 509 X 86 88 συλήσεινο545.

229 258 268 270 354 359 434 714306 συλήσων Ε 618 1( 343 387 0 583.
308 314 326 478 648 Ω 366 370371 συλήσω Χ 258 συλήσωσι 0428 Π 500.
546 563 569 653. συλήσειε A 466.

σ’(ε) α 301 403 0199 218 223 δ 274 συ1ήσας Η 78 82 Ν 641.

407 420563 589748 805 ε112 445 συλεύειν Ω 436. ¹

ζ2528159 0300 315 0146159 ἕσύλευυνΕ 48

238549 ι406 ιι65 293296 301 167 Σύμηθεν Β 671.
7136340105054107 122 ν5 141 σύμπαντες γ 217 Χ 380.

318 397 ξ214 388 392 404 028 68 συμπάντων A 90 3567 σύμπασιν γ 59
280513 π 23 317 041 186 278 460 σύμπαντας A 241.

023 61 83 84128 335339 357 τ474 (συμ =) ξύμπαντα η 214 ξ 198.
498509 0167364 φ 363 424 χ 30 συμφερτὴ Ν 237.

209 213 312 344 372 ψ 79 214 034 συμφράδμονες Β 372.

37 43 45 58 65 244 249 285 299 σύν ι498 1426 0118 ,4307 Δ161269
A 173 414 558 328 65 258 Γ409 447 Η 256 061 11224 Ψ467 673 687
415433 A 157 257 3278284350 Ω 430.

894895 2341 H212 0153163 σύν 0191362β1830326185165
283 1253 439 488 1163 388 389 323 369 ιλ 175 487 751 760 ε208
Λ363 365 766 031 138176 Π203ι 293 295 426 ζ 52 80 260 0235 304
' 618 Ρ30 143586 Σ 199 Τ300 4081 0493 518 ι68 173 199286 289311
7186 196 332 339 378 450 4524 332 344429 454 ιι42 332 436 158 74

 

