303 13.

1
ἐπιμέμφεαι 03 97 Β 225 ἐπιμέμφεται 329 361 382 398 416 429 436 546
Α 65 93. 556 006 13 16 28 31 40 47 80 85
μέν 00127 215 232 287 331 148190 92 98 107 159 165 183 205 239
218 294 318 402 434 3 102 157 181 241 261 304 307 333 338 348 352
190 349 376 411 ε 234 290 331 361 391 393 403 419 423 443 467 [470]
447 466 ζ4 23 26 150 259 00129 237 [479] 511 513 12 20 23 55 81 82

332 0159 202 283 1104 110 147 324 87 139 150 158 190206 220 256
333 86 93 137 0185 297 380 430

ξ341 395 455 508 0226 405 513 π173
283 336 403 ρ 29 140 302 533 595
5192 0104 138 244 462493 509 564
υ 34 45 164 377 φ 32 103 125 157
χ262 300304 388 422 ψ94 355 334
63 274 321 Α 273 547 3148 80 90
112 145 211 382 388 1’195 214 281
308 Δ 257 266 286 318 341 424 485
487 .Ε 138 139 141 Ζ 147 167 179
194 312 1777 389 Θ 25 119 161 302
402 487 Ι 19 34 38 131 262 273 412
413 508632 14120 170 454 Λ64187
202 393 476 481 619 Μ 211 Ν 47 347
706 799 Ξ244 0203211273 Π 28
251 Ρ91 609 629 Σ 155 412 432 491
514 Τ92 147 288 291 Υ41 153 Φ40
51 115 171 176 260 464 547 553 Χ99
233412 495 Ψ319 519 602 855 Ω 46
92 488 496 529 530 664 677
μὲν α 11 22 24 66 84 106 110 116
144 146 151 159 166 208 235 239
262 274 284 319 360 369 438 439
β 8 21 46 52 82 104 106 110 122
125 138 210 252 258 281 288 y 26
57 86 109 112 126 148 151 153
162 188 195 203 236 262 265 270
276 284 291 297 301 317 332 338
351 359 396 408 410 421 430 453
477 δ 5 15 32 39 40 87 100 166
184 195 202 210 212 230 240 267
282 285 302 414 448 485 495 499
508[511] 521 551 577 603 620 622
624 694 724 743 774 780 814 313
23 59 88 110 121 130 133 135 154
188 195 218 229 242 278 334 369

391 411 430 460 477 478 486 ζ1’

305 305 303 040 333 000 300 333
333 333 410 403 403 405434 550
553505 330335 330 340 μ 5 00
30 03 00 30 50 05 103 113 134
143 130 053000 171 314 313 330
334 344 331 317 337 341 330 333
337 400 430 431 0 00 00 30 30 00
30 110 000033 050030 300300
344 340 330 303 300 045030 000
303 433 ξ 30 33 33 33 137 143
003 000 000 000 000330 340 343
371 335 301 343 343 330 303 305
400 400 030030 434 433 444 473
430 333 333 ο 30 43 70103 131
330 333 331 333 343 330 333 301
307 333 433 434 401 403 474 470
473 430 003 003 500 505 550 3 33
00 000 177303333 347 370 331
333 330 035 300 000 400 ρ 54 30 30
030 000 300 303 350 350 300 300
303 000 000400 400 500 505 503 1
530503 333 00 30 00 05 030 030
005 000 330 300 330303 303333
303 303 033 030030 400 544 55
30 05 005000 050 053 005 033
004 000 300 305 300 304350 350
333 300 000 300 030 414 434 433
440 433 433 313 330 343 303 712
07 33 34 33 103 130 133 143137
133 100 173170 133 300 311 313
340 343 333 311 333 330331330
3130 130 301 307 333 331 333
303 370 373 334 344 334 χ 5 43
47 43 34 110110 130 144 100 173
130 133 133 300 303 343 337 300
303 374 307 430 443 473 473 433
000 55 000 000 043 033 300350

11 13 27 41 52 72 75 88 89 1167 288 292 295 302 350 351 357 371

154 195 229 242 247 318 η 1 534 ω 19 32 87 93 98 139 141 146162

56 60 64 86 104'113133 160 162

165 173 203 214 220 242271 304

188 215 219 229 245 251 259 2674 312 331 383 386 412 427 428 447

275 287 304 318325 334344 040. 479 483 504 506 Λ 18 22 50 53

51 64 93 98 111 120 134 155 16941

174 176 215 310 333340 361 437
500 505 526 532 542 579 0 6 45
49 56 70 72 98 132 161 172 219

221 224 246 299 306 320 321 325ι

125 127 135 140 165 183 191 211
216 234 250 258 267 269 288 298

306 312 318 331 368376 389421 ·

433 440 454 459 470 485 514 522
531 536 561 601 606 352 70101

 

