'⁸ 355

655 παρά - παρειαί.

0574 Ρ603 παπτήναντα Ψ690 παπτή- 302 313353 381 Ν 42 211 627 5445

νασα τ 552 παπτήνασ’ 71463. O 3 431 Π 312 400 Ρ179 249 297
παρά ξ 488 χ464 Α 329 Ε 809 0220 421 707 721 Σ 137 143 400 533
1174 A 617 Ν 167 208 267 Π 263 617 Τ140 416 Φ 117 180 337 491
Ψ50. ’ Ψ 147 163 640.

παρὰ α 61 138 142 154 285 333 440 πάρ γ 39 κ 242 143.

y 37 348 365 431 954 58 65 409 πᾶρα 132 γ267 325 400 416 469 482

439 443 449 999999 999 g 94 499
999 9499494 99943999 999 349
4999949949939934999999
94 99 499 449 499 999 994 994
394 [999] 499 449 449 999 535 571
131 94 49 499 994 949 939 99
494 999 9499 994999 9994944949
449 499 999 9499499 4999999999]
999399 499499 999 449 9 99 99
999 9449 999 999 394 999993
9999 994 449939 999 999 494
A 99 94 99 499 399399 349 999
344 349 999 499 449 499 944 354
999 999999 994 999993 9439
440 4430 949 44 499 999 399 949
949 11 99 99 994949 9 494 [4991
349949 494994 499 99 499 943

499 944 399 9494] 949 944 949
9494 934349 999 9494 949 9 444
4499 499 9999 499 444 994 39
999499 9449499 235 9499 9343
333 9999994 9499 499 434 9 44
3355 532 737 Γ 999 999 949 41
330 357 Ε 449 399 999999 999 943
11 135 190 443 9499 949 933999
4999 44 99 999 4499 949949 999
999999 1191 17175 949 944 999
333 45411 9499 434 994 1137 51
Σ 399 999 999 T 253 999 9 75
999444 949 999 11 999 ²15 99 355
44 499 403.
παραὶ 9366 9572 9213 ω 411 Β711
Γ 399 9 999 11 353 Α 933 17505
ο 499 999.

332 470 556 609 631 657 111 54 παραβλήδην Δ 6.

75 209 256 410 415 473 549 A 109 παραβλῶπες (ὀφθαλμώ) 1 503.
111 603 622 631 805 Μ 114 199 παραί v. 9. 7. παρά.

204 225 352 411 418 Ν 2 35 69 84 παραιβάται Ψ 132.

493 999 949 999 94 05 53 337 99999999 (999999) Δ 331.
407 513 577 601 656 673696 Π115 παραίφασις A 793 0404.
127 151 204 272 281 473 Ρ165 παρακλιδόν δ 348.

290 310 324 440 606 Σ 36 104 256

παρακλιδὸν ρ 139.

305 338 530 576 Τ40 44 143 194 παρακοίτης Ζ 430.

316 406 11 49 Φ 173 520530 Χ89

παρακοίτας Θ 156.

145 339 508 4128160 225 359 394 παράκοιτιςγ 451 6228 9992 A 60 1510
4111412115136159225412502120. Σ 184 365 Φ 479.

99499 9 394 394 9999 9 49 444 499

“ 394 499 499 9499 999993 9 45

παρακοίτι y 381 παράκοιτιν 1298 395
580 9 26 9158 Γ53 17346 5169.

ρ 145 452 Ε 603 604 Ζ 177 H 383 π’ἀραντα V. s, 1415«.
1999 K 35 0691 Π 286 Τ3 10 148 παραπλῆγας (ἠιόνας) ε 418 440.
499 ο 499 49 499 94 949 499. 9999999999 4 999.

9949 9 499 A 174 9 191.

παραρῤηιοῖσιν (4414.) Ν 726.

παρ’ α 123 259 γ 156 172 347 460 παρασταδόν Ο 22.

951 11 119 155 199 227 ζ97

παρασταδὸν ιι 173 547.

9993 9499 499 9 439 9 44 39 99999499 44 99.

1490 μ70 ξ 292 372 392 523 9 298

παρδαλέην Γ 17.

386 455 π 74 165 (παρ’ ἐκ) 343 πάρδαλις δ 457 Φ573.
(παρ’ ἐκ) 468 9414 9315 χ127 παρδάλιος Ρ20.

197 233 333 ψ71 98 211 219 ω 12

παρδαλίων Ν 103.

A 463 3596 775 Γ 187 406 Δ 97 παρειαίθ530 9 353 A 393 Χ 491.

468 475 487 500 525 536 544 Ε 28
146 291 572 794 Ζ 34 250 433 1146
0230 325 544565 1427 Κ 472 474
A1 166 167 314 559 577 592 Μ 30

παρειάωνα334 π 416 9210 (965 Σ123

παρειῶν δ 198 223 1529 π 190 2714
παρειάς θ 522 9172 Γ 35 παρειὰς
β 153 9200.

 

