,673 πεμπώβολα - περ. 674

πέμψαντες α 33. ιοο 824 341 485 ζει 188 ιιι η 55

ἐκπέμψασθε ιι 361. 203 206 215 224 297 312 321 322 θ31
πεμπώβολα (accus.) y 460 A 463. 107 154 187 316 331 355 360 478 510
πενθερός θ 582. 547 ι 35 57 365 379543 ιι 24103 174 ’
πενθερῷ Ζ 170. [189] 240 246 279 285 435441 483551
πενθείετον Ψ 283. λ 88 104 111 265 350 394 425 441 452
πενθήμεναι σ 174 τ 120. , 501 619 630 μ81 138271 340 ν 138
πενθῆσαι Τ 225. 249 280 284 294 358 364 ξ 112 142
πένθος α 342 ζ 169 ρ 470 σ324 ψ224 155 298 310 392 415 464 532 049361
ω 423 Α 254 362 A 417 11124 11249 540 π 97 115 147 264 276 430 ρ 13
Π 548 Σ 64 73 88 Ω 708. 14 47 169 171 273 334 417 555 570
πένθεος A 658 πένθεϊ β 70 13 X 242 586 σ 19 21 122 165 178 193 318 371
483 πένθος η 218219 κ 376 λ 195 385 τ 245 253 312 324 340 347 356
ρ489 ι512 οο 231 233 A 197 207 385 511 541 553 581 ,υ742 46 49 131
Ρ37 139 Υ,Ω 105 741. 167 181 199 271 274 282 φ 79 103
πενλῃξ 157. 120 134 142 212 243 250 370 392
πενιχροῦ (masc.) μ 348. χ 159 172 409 432 473 ψ 7 12 14 82
ἀμφιπένονται Π 28. 209 230 361 ω 30 499 508 Α 81 131
πενώμεθα ν 394. ¹ 211 217 241 260 275 352 416 546 577
πένεσθαι y 428 3531683 ξ251π319 580 586 587 588 Β 123 236 246 258
χ 199 ω 407 Τ200. 270 286 293 318 597 805 861 Γ 3
ἐπένοντο Ω 124 πένοντο β 322 5624 25 159 201 A 55 160 236 261 263
ιι 348 οο 412 A 318 Σ 558 ἀμφεπέ- 324 361 387 421 524 534 Ε 94 135
νοντοο467 τ455 Δ220 Ν 656Τ278 224 232 265 382 571 625 802 806
Φ 203 Ψ 184. Ζ 41 85 146 292 360 379 384 398
πενταετες (pro adverb.) γ 115. ιιι ιι 110 ιιι ιιι 158 204 288 370
πενταέτηρον(5ν)ξ419(βοῦν)τ420Β403 387 Θ 99 125 153 201 205 243 253
Η 315. 284 317 353 415 452 Ι 46 110 198
πένταχα Μ 87. 247 301 310 343 367 373 498 514 518
πέντε y 299 ζ62 11317 Π 171 Σ 481 552 554 605 627 K 70 114 309 396
1270 Ψ833. 448 549 556 568 Λ 86 126 319 391
πεντήκονταη 103 θ35 (δύο) πα1-) 48 418 453 554 721 789 796 841 Μ 33
(ιιω ιαμ) μιεο ξ 15 πιιι (855 ιαμ) 118 178 ιιι 258 802 346 343 858 858
υ 49 »χ 421 31342 3509 556 685 719 361 362 410 Ν 57 72 101 142 288
A 393 E 786 8563 A 678 680 (ἑκατὸν 300 317 361 415 419 447 524 573 630
καλ-) 748 Ψ147 Ω495. Ξ 1 33 50 58 98 125 128 131 217
πεντήκοντ’(α) Ζ 244 Π 168 170. 246 260 235 319 323 344 358 375 379
πεντηκοντόγυιον (τέμενος) I 579. 416 468 O 30 133 164 185 195 225
πεντηπόσιοι γ 7. 372 399 407 450 476 553585 588604
πέπλοιο Ε 315. 617 651 675 707 Π 31 38 205 245
πέπλον Ε338 πέπλον ο 124 σ292 Ε 734 263 550 557 617 618 620 624 638 688
Ζ 90271 302 8385. 709 815 Ρ 104 121 181 229 232 239
πέπλοι η 96 ο 105 Ε 194 Ζ 289 πέ- 276 292459 509 539 571 587 634 663
πλοισι Ω 796 πέπλους ζ 38 Ω 229. 710 712 720 Σ 108 112 118 126 151
πέπον ι 447 ν 154 χ233 Ε 109 Ζ 55 263 273 302 363 422 518 549 Τ8 32
I 252 A 314 765 Μ 322 0437 472 42 57 65 80 82 95 142 155 164 189
Π 492 628 Ρ120 179 238. 200 217 416 T 21 65 100 123 356
πέπονεςΒ 235 Ν 120. 358 436 Φ 4 55 63 107 130 185 196
περ (εἴπερ v. 8. v. 833 καλ περ v. s. v. πολι 308 384 410441 483554 576 Χ 73
ὥς περ v. s. v. ὧς) οι 6 59 128 210236 86 218 250389 416 424487 91791515)
288309 315 β 156 200219 246 249 84 97 306 480 583 610 659 782 802
305 327 333 γ 236 240 284 321 δ 35 Ω 20 35 53 104 130 201 235 298348
37 104 214 284 416 502 549 553565 382 398 423 428 487 504523 570593
627 729 733 819 ε 29 40 73 82 188 603 609 617 667 749 750.

(imma, Iud. Hom. . 22

 

