73

533939 49491 19155 494 999
959 111119 999 A 99 399 188
945959 04818 9190 999 0399
335 439591 999 91399 351 441 993
[999] 9119 999193991 999 9314
x 94 93 199 399 415 94949149
551 9191 9914 1199 518 1265
υ 15 φ 133 4499 949 9193 995
99355 399499.

ἀνερ Ω 725.

ἀνέρε M 491 449 99 919 9399 9434
δ 27 Ε 303 Y 885 800118. ἀνέρε
A 888 54959 ι 99 u 108 4 944 9 944
4439 9959 999.

ἀνέρες9176 γ471 δ827 ι89 99101
1193 ν 933 9194 419 0158 808
345 5 939 5599 χ399 9999 91
994 441 9599 991 9119 9194
9394 4999 549 94199 991 9149
9999 499 591 991 993 934 99999
9195 9515 9159 0585 9 999
9499544 199 4999 393 999 4199
9191399 9199199 κ 395 459 141
491499 ν 119199 5199 194 594
0815 399 415 499 5493 4999 999
884158145183855888 5111
999 4493594 9131494911913
4199 919 439 9 151 815 9139
9154 199 994 999 441 9 199 595
A 581 N380 488 511 :8881 91199
493 995119135 Σ 488 994195
914 9495 9949 944999 99934.
9495544 93 99 119 199 339 β 99 51
99 999 781 945 499454 499 999
99 99 139 939 949 999319 393991
949 199 449 9359114 999 999
999 η 199 159 939 9 59 93 99 193

217 495 559 567 ι 124 174 9ι78 98 ’

123 224 325 114 176 [343] 397 416
449 514 629 μ46 66 445 ν91 143
175 264 309 310 322 396 428 ξ 22
43 69 97 121 187 221 236 263335
531 932 264 351 384 389 467 473
510 π 29 34 36 65 189 305 318 446
ρ 184 231 309 432 526 540 581
9137 τ 105 271 292 444 9108185

ἀνήροτα - ἀνθεμόεντι. 74

9 39 199 993 999311 339 394 499
599531 559939 949 z 88 59 99
149 149 153 195499 H 13 39 199
994314 848 91 94 139 914 999
399 199 114134 193 199 999594
559 999 999 999 919 94 99 193
119 199 991 933 339 395 494 499
A 88 188 188 803 848 954 994599
549991 991 9993 49 49 59 119149
993 9939 939 993 999 995 394 499
939 994 193 134 959 999349 599
019 49111 999 319 539 533 593
599 915 915 9999433459 933 999
999959 9 99 149 154 400 595 519
939 9499119111 199 9519991
93 99 195111 149 159 199 [199]
194 199 914 394 9414959 113
159193 399 399 0 19 159 915994
19199 151 158 458 458 Ψ 49 191
999 554995 9 9 193 999 349 999.

ἀὶνδρεσσι α 358 λ 352 ν 390 φ 352

Ε874 Ζ492 Ν633 Π386 Σ 91
328 Τ 270 Y 137 δι’νδρεσσιν ιι 120
Ε 546 Ζ 397 Κ 441 Ν452 Ρ 308
Τ242 Φ285 ἀνδράσιβ245 γ90 δ709
ζ288 η 74 0223 450 91 96 99306
A 855 5805 810 χ 19 934 9199 99
Ε488 641 Ζ453 Η61 7317 327
K 403 Μ 41 O 490 513 611 736
Π492 Ρ77148158 Τ168 232 Τ266
ἀνδράσιν α 349 ε 119 9168 9168 214
99214 7360 ξ 176 230 0354 σ 138 330
390 τ 110 315 408 ν 262 χ 412 91 83
A 151 261 Ε 779 Ζ 314 41762 Ν346
461 Π 557 Ρ445 Χ 262 Ω 258 684.

ἀνέρας λ 630 9261 ρ 502 σ 184 9179

370 41262 Β554 Γ 185 Η 209 Ι 239
Λ497 Μ127 Π167435 Ρ328 Ψ111
82 247 ἄνδρας γ 314 9484 0455
λ 116516 ξ218 231286 011 σ261
υ 202 220 χ 229 ψ84 01 108 381
19362 Ε541 Ζ.70 339 0296 1361
477 520 544 593 K 40 358 481 487
521 Λ 802 Μ 170 302 Ν475 27387
Π 44 495 532 Ρ 157 658 Φ 155
Ω 45 382.

193 225 254389 (9238 323 340 384 ἀνήροτα ι 109.

χ27 369 381 ψ31 138 147187 204 ἀνήροτος ι 123.

393311 393 59 3 95 99 [191] 959 9494994 1 151 993.

298 507 Α 7 146 172 266 334 442 Ἀνθεμίδην A 488.

506544 Β 340368 387 402434 441 Ἀνθεμίωνος A 473.

612 768 798 837 Γ 43 81 108 196 ἀνθεμόεντι γ 440 Β 467.

241 267 455 A 68 148 231 250 251 ἆνθεμόενταμ 159 ω 275 Ψ 885.
255 273 316 336 445 447 450519 ἀνθεμόεντα (Πύρασον) Β 695.

 

