435 κε.

475113 151193 197 159 374 4 53
71 73 134443 413 47145153 353
4 13 33 41 35131513 A 33 158113
533 11 373 335 445475 Γ 41 71 31
133115155 131 391 A 53 71 95195
419 3173 335 337 15933 113 119
135 415 115 39 115153 171 173191
375 377 395 335415 0130131 430
14357140 155 131 314 353 545 519
(bis) 703 757 1157 111 131 357 A 193
153 315 357 555 M 15 315 447 1157
343 713315 :33 151 051 143114
135 1715 119 455 514 713 175 93
155 144 149 159 113 141 311 355 454
535 513 511 519 553 1111 151 171
353 (514) 171 195113 113 135171
1135 454 514153 117133 135 453
531 11417 559 1311435559 733
355355 357 41119 147175 135 437
531 555555 555 535 713.

44 4 315 3113 435153 155 5174
331 535 555734 ζ 13 153 4173
5135 313 549 4135 453 4133 557
1135 355 551 437 357 93 415
311 4 355 4413 514547 4 53 133
375 379 335 4553 595 4173357
333 4115 4115131 4 7 117 331
A 175 3113 1453 A 173 3353
131 11154 5531 145 51 155157
151197 139 353415 414 11155331
11377 3115135 153 157 17511
133 535 1151 143 57 153 331
Ψ 345 545593 575 4137 551.

4444 4153 113 153335 339 395 315
145 151 153154119 155334 335
357 4113 117 137 155353 5157
173 113 353 415441 551545 545
547 533 543 551 733 753 4373 131
151195 4 111113331 511 147
175141 335 575535 473 117 131·
134 354 493 4153 133333 431
451 1111 117 147 317 335353 375
555 4477 33 151 157157 131 345
445 4 35 141 155 155 394 ξ 31 51
153 133 195 315455 445 411 55,
355314) 317 345 435 445 449451
555513 543 44149 153137133 143
155131433 4 53 115 335 4155
155 41715 11 131 194 311 373
455573 4 43 51 115111 111 135
315 353331 4477113313 4 53 33
177 313 151355 433 4134 113
174 45133157113454531 41137*
133(111) 355 353 1311134314 517

433

311 19 55 31 113155 155175
331 333 345351 141 5555135
354373 415417 A33 40 34 37
171 173191 411 539 311311 335
431 433 434 393 173 143115 354
451455457111371135 51415
34 95 143 135135 354 454455 453
413 419 411 454 455 553 533 174
151115 115 133157 153 135355
453 551 531751 11445157 155
355 444 A 137 303 311 333 433 554
755115311531411137135435
741743 153 77 79 91 153 195 131
137 141 144 335 415 554 5 45 159
453494 1171 593 133 155151155
3194174335155531115155454
457 195 115415 1143 133 353
311 335 357 419 5113115131
135335411431544575 11110130
191151 144 145 1531554) 137355
3344 147331 4155 75 91 154153
111 375 413431 453 553513 555
4544133 335 3 39149 4114 535339
555537 753 417 35 141155 5457
4351 4133 434 533 1144 4137
4135155 433134353451554
0131 135 4157 137 4145 453 4113
155 45144 557433 3554135 137
4313313413511555573115
143 454 11455 453 51311111
143 334 501 535 703 11135171
313 303 4113411455 040311317
131 117 3130137 311 5115
1413531517555.
44154155 35354 73 113 131315
4355 5345 443 494535 591434
Ι731533114151135433113314
3 31 195115 571 4133 459 41134
1143 355 434 441 433 535 μ 114337
4147191 3331115 475131 313
411415511513733141119137
559551535 44735115175135
318 (ἢν περ γάρ κ’) 357 360 403 τ 45
319 311 554559 43414151135
115135345 411455155153141
455133151 A 34 134 547 549
3355 331 1179 134 4303 3133
431 434 579 1141334 333 307 317
1143 333 337 510 303 315 1130
135 345 335 A 131 303 400 754 351
11344357 11113 133311 3117
139 133 333 375 575 111 537135
733 1744145343 11531533331544)

 

