629 · οὐ. 630

Τ 364 373 ὀτρύνοντος β 423 τ 419 393 444498 623 μ 107 118 130 154
Ο 199 506 ὀτρύνοντι A 414 Μ 468 182 209 354 358 382 446 ν 324 331
ὀτρύνοντα A 294 ἐποτρύνοντα Ν 767 ξ 83 138 145 222 355 363 378 388
Ρ117 683 ὀτρύνοντες β 74 Μ 266 488 513 ο 88 96 280 374 494 546
Ξ 131 Σ 584 ὀτρύνουσα ψ 264 ὀτρύ- π 194 347 372 ρ 7 20 144 145 153
νουσ’Β94 451 ἐποτρύνουσαη262 Ρ553 307 319 373 381 415 455 483 576 587
Ω 297. σ 36 132 149 230 259 287346 τ 20
6τρυνονιι546 μ144 206 ύότρυνεΔ254 27 163 314 348 υ 46 155 181 273 ’
310 Ν44 90 0560 568 695 Τ174ι 284 φ 91 152 171 254 312 χ 67 70
ὤτρυνεν Γ 249 Ε 563 Ρ 215 582ρ 254 316 415 ψ 40 66 100 168 214
Φ 299 ὤτρυν’ Ν 678 ὄτρυνε χ 241. 223 226 ω 115 246061) 247 251 261
01487 ὄτρυνενβ392 ζ 2547226 ὄτρυν’. 443 456 (bis) 465 479 A 28 29 115
7. 214 ρ 362 ὀότρυνον Ε 520 Μ 2771 132152 163 289 296 495 526 566 603
ὄνρνννν ν 341. 1 Β 13 21 3036 61 67 141 143 104
ὀτρύνεσκονόὶ 24. 203 214 233 248 296 641 686 687
ὀτρυνώμεθ’Ξ 369. Γ 11 156 214 224 236 453 A 48 158
ὀτρύνεσθε η 222 κ’425. 235 286 372 374 413 437 Ε 106 139
ὠτρύνοπο Η 420 ὀτρύνοντ’ρ 183. 154157192201253 257 278 286 287
ὀτρυνέω 1155 ὀτρυνέειςΚ38 ὀτρυνέει 303 3411615) 379 407 517 571 757 759
β 253. 812 872 Ζ 124 222326 411 489 501
ὀτρυνέιον ο) 116 Ν 209 ὀτρυνόουσα ο 3! Η 140 143 185 242 Θ 12140 154178
σ 186 χ434 496. 238 299 400 448 473 482 483 Ι 28
ὀτρυναξ261 ρ430 ἐπότρννας9185 56 228 388 401 545 625 650 K 79
ὤτρυνε A 73 Ε 461 470 792 Ζ 72 104 422 500 Λ 116 339 384 452 665
8398 11158 11185 291 Ν155 0500 668 Μ 79 165 225 246 393 Ν7 8
514 667 Π 210 275 Ρ323 Τ 349 49 89 262 268 424 512 556 560 713
Χ 186 Ψ111 14143 ὥτρυνενΠ 532“ 714 808 Ξ 99 105 110 168 299 386
ὤτρυν’ Ω 302 ὄτρυνε 9 15 ἐπώτρυνε 472 521 Ο 18 292 325 461 521 556
0 456. 583 585 665 737 741 Π 62 70 74 141
ενννρννν ν 09 11515 ἐνννρννῃςρ 189 232 302 509 520 796 0519 33 105
ὀτρύνρο1059 ὀτρύνῃσινξ374 ἐποτρύ- 221 372 449 502 761 Σ 101 128 160
νῃσι Π [690] ἐποτρύνῃσιν θ 45 ἐπ- 296 328 363 Τ 61 92 136 149 162
οτρύνῃ ι 139 K 130 0148 ἐποτρύνη- 202 210 388 423 Y 89 129 188 195
τονΖ83 ὀτρύνομεν α 85 π355 Ι 165 211 265 286 339 430 466 Φ 92 175
ἐποτρύνωσι ω 355. 224 229 310 370 379 396 439 Χ 13
ὀτρύνειε ο 306 ἐποτρύνειε ξ 498 ἐποτρύ- 47 103 126 193 199 201 219 256 283
νειεν ξ 461 ὀτρύνειαν θ 90. 380 424 498 Ψ 44 70 75 77 150 184
ὄτρυνον ρ 75 χ484 Π 495 Ρ 654 Τ69 245328 411 469 553 606 619 621 627
Ψ 49 ἐπότρυνον ζ 36 O 258. 725 795 834 Ω 52 66 69 131 172 296
ὀτρῦναι 0 3740 6219 ἐποτρῦναικ531. 300 331 385 394 524 550 565 739
ἐποτρύνας 6422 1488 561 κ128 144 743 774.
ο 217 287 ὀτρύναντος K 356 Ο 744 ού οι 236 262 6249 y 28 208 352 375
ὀτρύνοντες Y 54. 664 223 352 η309 0175 212 ιι 170
ἐποτρυνώμεθα 6 31. ν318 417 ξ56 0212 π 23 85 202
ού α 42 350 354 β 58 61 63 137 163 ρ41 σ227 355 τ531 590 φ 115424
170 198 251 274 275 319 y 14 27 82 ’ χ35 (ο 251 A 114 Β 190 276 392
138 146 ὀ 31 62 104 193 200 292 614 A 242 510 Ε 53 819 Ζ450
558 559 561 566 638 664 754 805 846 Η393 1125 267 425 Κ 91 165 Λ 75
ε 15 16 23 113 141 211 212 341 404 Μ58 304 447 Ν309 ’ν’-’791 141416
ζ 173 182 240 270 η 32 40 208 210 480 011 228 496 Π852 Ρ153 410
239 0134138147159166167179(518) 641 Σ 189 282 306 334 Τ124 Υ101
214 232 246 293 315 553 557 ι5119Ι 256 349 361 Χ 86 250 438 Ψ 46
125 136 228 275 281 304 352 500 440 668 Ω 33 207 214 239 594
ιι 73 93 291 λ 66 101 210 219 2644 683.

 

