295 Ἐπειγεύς - ἔπειτα. 296

50 68 214 255 288 329 349 426 437495 360117 274338 354448453
493 513 541 587 594 613 628 633 457 506590 711 753808 373193237
706 719 737 754. ζ4314] η 38 76 191 196 200275 938
ἐπεὶ ἂν Ζ 412 Ι 304 Ρ 489. 55 262 338 357 378 510 520 ι 14 17
ὲπ613ἠχ372.Ὶ 116 203 225 313 371 438 480 526
1πε1 δὴ y 183 211 313 ε 76 150 241 ιι 151 237 333 171 121598 μ56197
408 ζ 227 η 134152 9131 276 282 201 254 261 307 309 394 397 ν 106
377 411 452 ι 250 310 343 ιι 3604113 146 198 318 329 353 392 420 439
μ 197 ν 271 ξ 149 36340 9174 2264 ξ 121 196 233 245 249 351 406 490
(1πε1οιιν δὴ) 6362 (ἕπε1633334φ25 499 367 102 134 261 285 340 367 378
205 χ 260457 ω 71482 A 235 Δ1244 423 447 478 π 48 186 283 297 309 389
Ζ178 Η 207 A 478 Μ 143'⁴ ι.. 65 391 ρ6167 120 129 185 194 280 303
187 Ο395Π187108453471Ρ427 329 σ250 624 59 102123 388433
Σ 349 609 Τ9 54 X 379 Ψ 2. v 63 93 160 φ 24 29 131 160161 215
ἕπε1 (63) δὴ α 231 6390 ρ 185, 389 414 429 χ 217 285 365 438452
ἐπεὶ ἦ ι 276 κ 465 μ109 π 89 442 6369 80 139 287 295 310 (380 220 235
ρῙ96τ556 φ 154 χ31 289 A 156 280432 521 A 121 172 387 413 426
’ 169 Δ 56 307 Θ 144 211 K 557 449 531 544 547 551 Β 322 379 392
Y [135] 368 437 Χ 40. Γ 267 273 290 315 335 398 422 Δ 50
6πεὶ κεν ξ 153 5237 Φ475. 148 317 424 442 Ε 36 139 164 355
ἕπείκεθ554 1. 221 ρ 23 σ150 A 168 375 381 671 685 812 825 Ζ 37 45 70
Β 475 Z·83 Η 5 410 I 324 707 86 240 260 263 359 514 Η 121 147
Σ 121 X 509. 258 360 421 476482 Θ 25 145 151181
36661 ιι.ἕω7Χ67 168162 3941123 6086102128143
1π61ιι’3494 A 131 206 764 Π 246 166 345 390426 453 522 Λ 47 93 176
Σ 280 74337 Φ534 Χ 125 ΨῙΟ. 244 254 304 422 423 490 622 655 776
1π61’ χ Τ 402. Μ 84 187 193 234 443 Ν 231491586
11661- ιιεν 1409 0228717 743’”1 72 52 79 103 159193 223255
4773- -ιιε α 236 3 64 Ρ658. Ο 28 49 69 92 140 163 200397 430
4773— ιιέΧ 258. 1 471 Π 136 229 231 247 439 446 497
ε’πὴν Ψ 76. 498 534 668 Ρ 64 84 715 Σ 37 96 127
ἐπὴν α 293 (ἐπὴν δὴ) β 105 γ45 3222 181 354 357 360 389 393 428 462475
413 414 (3366 63) ε 336 363 (6633 633 T28113179181373 3133133
δή) ζ262 297 9511 553 ιι 411526 136 140 309 321 338 342 401 458
1119192 μ5541πην 31])ξ13045154 Φ 274 383 560 X 49 Ψ 120 178 238
636 337 6269 (6333 66) 6166 336 346 366 466 663 613 663 666 666 753
515 v 202 (ἕπὴνδὴ) φ159 χ2192544 811 818 820 836 859 Ω 89 273 290
440 4336 ὴν δὴ) ω 140 Δ 23 9 Ζ 4894 297 306 356 372 386 405 552 591 619
1358 1163 Μ369 Ν 753 0147 Π95 659 703 716 719 783 792 801.
Τ 208 223 Ω. 155 184 227 (6. opt.) ἔπειτ’ α 65 363 6408 738 62 453
717. 3674 651 391 ζ115 236323 ι70
Ἐπειγεύς Π 571. 240340 398 ιι 297 307 391408 1636
Ι ἐπείγει v. s. v. εἴγω*. μ 126 143 168 326 400 ξ 420 6474
ἐπειδὰν Ν 285. π 102 301 322 407 450 ρ 33 321
ἐπεὶ δή v, 6. v. ἐπεί. 6302 6603 v 209 (3243 357 392
Ἐπειοί ν 275 ο 298 ω 431 Β 619. χ 401 478 ψ 45 89 195 207 ω 188
ἘπειοὶΛ 688 694 732 744 Ν 686 Ψ630 466 Α 35 48 51 312 440478 3169
Ἐπειῶν Δ537 A 737 Ν 691 0519 259 406 Γ 223 Ε 114 214 436 459
Ψ 632, 884 Ζ 138 350 399 505 8125 317
Ἐπειός λ 523 Ψ 665 689 838 839. Ι 169 437 444 478 K 137 243 Λ 229
Ἐπειὸς θ 493 Ψ 694. 323 462473 563 Μ73 Ν444 Ξ129
&tata α 44 80 84 106 123 144 290294 409 O 281 Π 411 415 613 696 784
314 336 380 β 39 60145221275280 Ρ 529 Σ 450 506 523 545 T 282
379 406 y 30 46 102 108 210 253 354 14341445 Φ 565 Ψ 551 868 Ω 694.

 

