531 ¹ Μινυείῳ- μισγέμεναι. 532

334 355 393 412 417 421 449465
υ 32 137 198 261 273 361 372 φ27
41 94 125 150246 294 338 339
342 χ44 76 91 167 179 187 311
343 359 366 029 46 56 74 94 155
314 316 325 334 339 ω 134 164
175 284 293 320 370 372 399 Α 100
290 332 361 399 407 4270119) 441
506 508 536 610 Β 7 22 41 171
245 276 319 722 754 795111 Γ35 197
231 232 368 371 A 90 143 201 229
312 369 374 477 480 Ε 8 47 55
61 68 94 136 170 181 188 190 304

χ410 711423 34 165 Α 29 201 585
8550 Γ 386 388 389 A 23 Ε 306
372 392 394 Ζ151485 8460 1391
564 Μ 285 Ν 204 432 048 89 Π 10
Ρ399 Σ37 168 1214 Φ 176347
402 576 Χ 471 473 Ψ 203. .

μιν αὐτὴν ,Ω 729.

αὐτὴν (γάρζ μιν Λ 117.

μιν (1911911. 0220 Ε 845.

μιν (ntr.) κ 212 (δώματαί) 305 1605 ρ 268
θώμαναέ) Α 237 Ζ 221 Ι378(11ῶρα3) ’
5011. μιωιει.) 11149 T 389 T287
X 286 Ψ 833

919 999 999 499 509 999 994 799 μινυειῳ (ορμμιῷ) ι 994.

796 802 805 858 252117 139 168

Μινύειον Β 511.

179 179 199 999 999 959 417 419 Μινυήιος A 722.
499 501 1149 119197 991 919999 99999 9974 497 0499 11999 9949.

919191 997 979 999997 445 1119
149 979 (1555 1) 499 979991 991
999 700 702 11199 199 944 947

μινύθουσι Ρ 738 μινύθουσιν μ 46.
μινύθῃ 0492.
μινύθεσκον ξ 17.

454 A 88 98 226 252 376 429479 μίνυνθαθ315 1501 9494 χ473 94416
509 522526 550583 763 844 Μ 46 A 466 Λ317 539 Μ 356 Ν 573 Ξ 358
116 186 381 405 449452 465 Ν 58 Ρ277 Ψ97.

176 193 315 329 387 672711 750

μίνυνθ’ (α) Y 27.

Ξ 138 255 294 435 456 0 11 28 μινυνθάδιοςΔ 478 0612 Ρ302.

35 61 105 153 160 242 288 427
460 551 611 650 Π 6 103 290410
414 436 451 454 502 511 559 580

μινυνθάδιον Α 352 Φ 84.
μινυνθαδίω ί. 307.
μινυνθάδιοι τ 328.

598 607 668 671 672 681 682 720 μινυνθαδιώτερον Χ 54.
725 753 855 Ρ74 161 210 272 326 μινύριζε (iptv.) Ε 889.

404466 573 576 [585] 641 659 666

μινύριζον δ 719.

678 695 709 751 Σ 64 155 282 283 Μίνως τ 178 Ν 451.

306 452 464 465 7' 16 348 354 Τ28
82 119 122 128 148 300 311 331

Μίνωος λ 322 ρ523 Μίνωα 4 568 Ν 450
Μίνων Ξ 322.

348 400 417 480 Φ 40 42 46 47 μισγάγκειαν A 453.
58 62 73 97 166 180 202 245 249 μισγέμεναι υ 203.

268 303 318 322 323 329 597 538
Χ81 94 123 158 17501181 197295
329 361 421 428 445 457 458464
Ψ68 187 234 467 524 527 548 557
601 625 675 696 722 791 800 544
12 21 37 127 210 294 312 341 356
408 414 416 418 466 517 551 588
999 797 740 755.

μιν αὐτὸν θ 118 ν 190 Φ 318 Ω 472.
μιν (1911911.) ψ 91 Φ 266.

αὐτόν μιν (196911.) 0 244.
μιν(19111.)α432 6113 γ269 456 (1375
394 704 793 799 803 ε 96 172 256
ζ212448281284 η 4 67 322 6364
1120 κ3 299 336 382 [482] 500
1163 179 209 324 447 μ87 111
125 126 230 ν 58 163 188 227 239
999 ρ 7 ι 191 195196 9441 5115

ἀνίμισγεκ 235 ἔμισγονα 110 μίσγονΓ276)
μετέμισγον σ 310.

ίπιμίσγομαι Ι( 548 μίσγεται η 247 Ν 797ν
ἐπιμίσγεται ζ 205 241 συμμίσγεταιΒ 753,
μίσγεαι Β 232 μίσγηται ζ 288.

μίσγεσθαι σ 49 Ψ 73 μίσγεσθ’ Ω 91 131 ,
μισγομένων ε 317 A 456 ἐπιμισγομένων
ἐμίσγετο ο 430 μίσγετο Σ 216 ἐμισγέσθην
Ξ 295 ἐμισγόμεθ’ α 209 6178 μίσγοντα
μ1σγίσκετο 6 325 ἐμισγέσκοντο υ 7.
μεταμίξομεν γ 221.

μίξεσθαι ζ 136 ω 314.

ἔμιξαν 6 41.

μῖξαι Ο 51οῘ

ἀμμίξας Ω 529.

ἔμικτο α 433 αίκιο Λ 354 Π 813.

 

¹

