766 ¹ 66.

770

445 μ 94 199 [149] 559-995 459 6 62 ν 99 (59) 919 999 999495 5999 591
195 991 999(-μή)999 99959995 99 674 266 3173684619103 1326236
102 123206 267 999499 495 499599 995 959599 4995999χ14 59 94
0 76 323 373 416 476 462 599 599 999 949994 4166663-461) 499 449
595 99 995 959 995 949595 59991 46961201466114663240—260
499499 5994555119191959999 (9μ5-5ε-459)995495Α999999
999 994 599 999 995 999 994414 999 999999 999-949 9991 991999
419 459 595 595 υ 99 99 116 310 955 491 599 (06 16—3012) Γ 149 999 999-
3916224 3462204 237 242376407 999 999 491 495 99 999 999999
494495 499551 959 999 999 626 606 6167 999499 599994 9999
63 263 402427 599499 999954999 31740647167132 995994 995 59

320 367 40919140 281 (ἅμαθ’-- τε 57 168 220 343 346(9.τε 96494)1169 ’

4449) 999 999 419 495 499 559554 995954 995 (τέ-454) 494 459 549
591 599 606 995 549 555 676(1)676 559 591 9114 94599 499 (τε-499-
999 955 9949194 949 999 999995 τε) 199459 919995 99999941 999
499 44 59 55 99 159 159 199 999 19199 999 959 999454 559999 591
999 999 999 45ο(5μ’-55444) 451 999 9599 99 959(5.555559)495
1949999 999 999 499 449 499 591 499 9949 07103246361464666760
595 599 599 594 594 959 959 959 999 995995 9941-14955-5959
999 99599 95 155 999919 999- 614T48336410 9995555549)
949 999 999 919951459 599 9559 999 955 499599 49999 599 995
994 995 999 999 999 995 999499 99 49 445 [559] 666 919.

945 64(66’-66461) 95 914159 6¹-6676366661 117 954914 232
995 999 999 994 914 995 499 444 999919 73⁵ 206233429462463
449 459 9959 999 954 999 919 949 9495 5 99 49 994 999 954 999 5999

999 499 595 599 999 662121 959
919 999 999 499 499 494599 599
Λ 45 199 199199 995 999 999499
499 595 599594 549 5999 119199
199 994999 999 99 999 149155 994
499 599599 599 594999 999 999
991 ’599 99 55 99 194 999 999999
999 999 495 499 455 514 999 49
999 999 914 999 959 999 999 999
999 494 495 499 599 599 17167 914
999 959 419 495 459 595 (955 — te
945) 636 642 637 664 959 919 959
995 999 499 449 494944 999 919
991 949 945959 941 44 45 49 159
959 155949 959955 994499 495 494
-495 T 126 166 214 999-949 959
333 347 332 400 417 9195 959 949ι
955 999499 9 99 59 999 919959)
(666-16 595) 995 959 959 449595
599 9944 999 999 999 549 499 494
499 499511 499 55 959995 949 999
599 559 995991 495 99 99 99 141
194 959 994 951 949 959 999449
494 599549 599 999 945.

τε - καὶ (conf. ὅς τε 1)) α 291 β 1140)
999 999 999 7 36 310 326 5541 495
999 4199199 111 134 467 5191 959
149 151 959 949499 1994 999 κ 99
95 444 599 955 995 499599 499γ 99

ummo, 11111. Hom.

[314] 321 599 99-9999 991 999(ι’
- καί) 313 9 243 410417 466 529
9173 532 959 61 142 340 510 534
447 67 293 364 512 0365 063(?v.
τε-καὶ) 198 323 403 ξ216 245 403
(ἅμα τ’- καὶ) 430 0 246 262 462
5 99 949 ρ 993 949-944 5949
τ 376-377 (ἅμα τ’ —- καὶ) 514 υ 46
φ131 173 249 χ220 99157 319
ω 67 376 528 Λ 183 417 (ἅμα τ’
- καὶ) 465 Β 25 62 136 341 428
583 591 605 828 Γ42 Δ8 Ε300
450 602 878 908 Ζ 210 233 478511
Η 117 9255 287 498 Ι 41 152 294
392 489 529 642 Κ 112 123 298 469
Λ57 (τ’-καὶ(- 9)) 209 501 736
06166 (ι’-4954)) 999 6 95 95
(ἅμα τ’-καί) 264 322 368 619 Ξ 480
515 055 268 397 Π 493 Ρ7 58 537
754 Σ363 473 Τ160 Φ 183 521
Χ 99 (5- aa? 160 263 406 Ψ 99
911995 5999 τ’ - 959 4-554 - 559
-τε)) 257 632 772.
θ’-καὶδ2160111(0’-·καὶ(-·9’)
303 757 6 300 9 310 (θ’- καὶ ἅμ’
99422 A 23 377 Γ127 131 237 251
343 397 Δ80 366 Θ71 Λ176(99191.
54 6’) 136 Ν 55 954 (6016. 59 6')
wmssmfflmnm
95

 

