581

550 λ 206 566 μ28 324 414 ξ150
169 219 246 391 5 20 66 165212
395 π 73 141 466 479 ρ 469 531
554 σ 61 352 409 τ 148 377 425
524 υ 9 38 217 328 φ 96 194 ψ72
215 266 5138313 349 A 173 468
593 602 9195975431 Δ 152 263
289 313 360 Ζ 256 361 439 444 H 95
68 74 152 216 320 349 [369] 0[6]
189 322 18 42 101 398 462 595
635 703 K 220 232 244 319 389

Μ 174 300 307 407 Ν 73494671

775 913 ,939 195 543 94999595
999 751 11 159 555 999 59 934495
759744 Σ 90 175 999 999499 7109

179 399 977 174 179 349455 ο 399
395 11γ 149 949 959 345475 Ψ 59

975 597 500 511 550 49 199999 391.

94445 9149 n 917 ξ 197 υ 59 φ 154

171 ψ 343 A 559 9994 1343 499

— A 334 497 9479 Ψ 99 595.

9445 α 119 955 311 395 351 579119
199 949 7993 975 319 571 159 447
459 459 555 755 ε 75195 ζ 93 199
η49 5975 134 9955 595455 493 571
577 ι 979 997 359 495 551 4 317
373 155 97 159 191 995 419 μ 59

. 917 955 497 ν 145 154 953 939949
ξ 113 145315 397445 495 57 97
139 179 909 497 π 95 99 37 99 957
355 931 549 ρ 13 595 4113135 999
993 335 395 455 t 71 915993 343
495 υ 5 351 354 φ 155195 919
[975] 959 355 χ11 97 411 4775155
159 999 957 955 ω 95 153 949 391
511545 A94195 909 917995955375

θυμοφθόρος --

θυρεόν. s 382

500 7 201 562 ν 90 ξ 28 5211 τ 198
υ 10 59 χ 373388 A 136 192193
Β 36 Δ 163 531 Ε 400 698 848
Ζ 447 Θ 169 358 I 629 633 675
K 491 A 88 342 403411458 Ν416
Ξ475 0163 240460 Ρ90106200

449554 579 94515 9954343 ’ ’

419495 459 553 137 417559 1199
94459 759 5 519 549 939595 951154
α 99 157 3 90 γ 199 5 197355 539
ε 93 951157] 11959 91599179133
75 999 319 494 4 55 53143151
379 451 139 155 953 1355 4149

· 270379 ξ 46 111 361 405 438 5354

379486 π 237 309 ρ 150 236 603
σ 161 203 212 274 282 τ 117 263
312 364 390 υ 62 93 266 φ 87 318
χ462 751547 97 230337 345 ω235
A 205 243 429 Β 5 142 171 409
Γ 98 395 438 Δ 208 309 494 524
Ε 155 317 346 470 510 670 671 673
676 691 792 806 852 869 Ζ 17 51
72 202 Η 131 173 090 147 270
Ι 189 255 386 496 587 612 637 645
K 17 355 452 495506 A 291 381
433 792 804 Μ 150 179 250 Ν 8
86 155 418468 487 654 660 704 808
Ξ 20 40 104 161 316 439 459487
Ο 24 98 208 321 403 500 514 594
667 710 Π 52 119 210 219 266 275
355 468 520 616 655 656 691 828
861 Ρ17 123 226236 267 616 720
Σ29 92113 178 461 Τ66 229271
Τ29 32 290403 436 Φ45112179
296 Χ 68 78 91 263 312 Ψ566 Ω 49
119 147 176 196 467 568.

Β 223 589 Γ9 139 412 Δ 43 Ε 135 θυμοφθόρος τ 323.
243826 Ζ 157 167 326 417 486 524 θυμοφθόρον (κάματον) κ 363.
H 2 314495189 192 Θ 39 138 430 θυμοφθόρον (όχος) ό 716.

1159 991 435 [459] 537 599 5 59 9515599155541915 399 9199,
955934 447499 [531] A 945 595 95444975) 5 95 A 199 953. ,ρ

555 608 Μ 228 Ν 82 163337 386
485 623 670 Ξ 50 67 132 156 158
191 207 253 306 337 0155212299

θυνόντων Κ 524.
θῦνε ω 449 Ε 87 250 A 342570 3419

493 95454 9 445 A 73.

551 566 661 674 Π55 206 255529 θυόεν (νέφος) O 153.

544 646 Ρ 254 404 451 488603 625 θύου ε 60.

664 Σ8 53 224 397 Τ164 287 312 θυέων 5 261.

Υ121 195 Φ 65 177 270423 456 6549551499 θυέεσσινΖ270.

574 Χ53 70183224 Ψ313 548894 θυοσκόοςφ 145 χ 318 321.
Ω 42 91 140 236 283491 523 672 θυοσκόοι Ω 221.

748 762 778.

τεθυωμένον Ξ 172.

θυμόνο 4 294 323 β 116156 ό 117 θύραζε v. 9. 7.θόρη.
120 813 ε 222 285 298 355 365 375 θυραωρούς Χ 69.
407424 444 464468 ζ 118 ι 295 θυρεὸν ι 240 313 340.

 

