85 ἀπό - ἀπότροπος. 86

294 Δ77 130 275 306 514 535 E? ἀπὸνόσφινΛ541 Λ555 0548 Ρ 664.
13 81 147(bis) 209 292 308 322 ἀπονόσφι ε 350 ιι 528 0 529.
343 435626 673 691 852 Ζ 62 472 ἀπονόσφιν ε 113 μ33 0268.
Η 131 334 359 410 816 54 90213 νόσφιν ἀπ’ 0 244.
270 300 309 I 335 353 387 437 ἀπὸ πρὸ Η 334 Π 669 679.
444 Κ 151 187 324 336 341 347 ἀπόβλητος v. s, 0600100.
371 385 416 452 456 458 465 506 ἀπόθεστος ρ 296.
575 578 A 110 146 242 351 374 ἀποθύμια Ξ 261.
433 437 476 548 553 555 556 571 ἀποίνων A 106.
645 664 675 760 764 812 Μ 52 83 ἀποινοι Α 13 20 23 95 111 372 377
154 205 233 250 306 390 431 Ν 57 0230 Ζ46 49 427 1 120 1( 380
65 134 137 148 163 182 202 440 Λ131134 Τ138 Φ99 Χ 349 5113?
505 546 548 577 585 587 588 591 139 276 502 555 579 594 686.
640 672 688 Ξ 154 170 214 349 Ἀπόλλων γ279 η64 979 227 323 334
466 023 125 126 313 314 387 488 0245 252410 ρ251494 φ338
534 548 Π 75 80 82 160 221 246 364 χ 7 A 43 64 72 182 380457 479
304 324 (his) 447 469 528 545 587 603 Β 766 827 Δ 507 Ε 344 433 437
607 [615] 635 645 655669 679 773 439 445 449 454 760 112023 37 58
793 861 863 Ρ17 110 112113 205 81 272 452 0311 540 1564 11515
301 383 457 609 657 662664 665 A 353 363 Μ 17 24 34 Ν 827 059
722 Σ 64 92 161 164 177 215 243 236 243 253 307 318 326 355 360
256 575 Τ254 266 Τ261 278 325 441 521 Π 94 527 676 700 703 706
327 436489 Φ51 113 257 336529 715 720 725 728 793 804 845 Ρ71
557 593 Χ 16 43 125 126050) 406 118 322 326 582 [585] Σ 454 Τ 68
447 467 468 505 Ψ 158 231 508 79 82 103118 138 375 443 450 Φ461
714 730 758 867 Ω 268 401 492 478 515 538 545 596 604 Χ 7 203
5140010) 515 609 735 780. 213 220359 Ψ 188 292383 388 660
ἀπο α 49 β 174 γ313 ζ 12 18 η152 865 Ω 18 32 605 758.
θ 88 411 457 ι534 κ 49 λ 114 ’Λπόλλωνος ζ162 ι198 201 0526 τ86
μ 141 ν 340 ξ129 525 010 τ275 0278 Α 14 75 370 373 Ε444 509
χ36 72 316 Β 91 208 464 659 839 1183 1405560 Π711 Τ295 Φ278
877 Η 425 0279 A 803 Μ 97 Ν 341 Ἀπόλλωνιφ267 Α36 315 438 Δ101
696723 E? 146 455 033 335 435 119 Π 513 Ψ 872 Ἀπόλλωνα A 21
531 Π 45 376 436 Σ345 420 Τ188 86 055 143 220256 Π 666 Ρ333
Ψ 41 843 Ω. 76 116 156 185. Φ 228 435 ’Ἆπολλον ό 341 η 311
’ ἀπ’γ307 6522 ε35οζ90 172η169 9339 ρ 132 0235 ω 376 11371
ι192 242 118 μ120 381 414 ξ134 Δ 288 H 132 Π 97.
0 96 552 π 102 τ 389 v 103 113 ἀπολυμαντῆρα ρ 220.
φ 118 300 364 ψ 110 347 A 530 ἀπολυμαντῆρες ρ 377.
, 532 0287 849 Δ91 Ε127 214416 ἀπονόσφι(ν) v. s. v. ἀπό.
Ζ28 470 Η 25 35 122 8108 170 ἀπόπροθεν ζ 218 η 244 ι 188 ρ 408
194365 Λ44537 580715 829 845· 1( 209 410 Ρ 66 501.
Μ19 70195 253 264 448 459 Ν 63 ἀπόπροθι6757 811 280 ι18 35 Ψ832.
227 243 527 550 702 Ξ [70] 258 ἀπόρθητος Μ 11.
0244 343 524 544 610 668 714 ἀπορώξ ι 359 ιι 514.
Π 93 117 226 288364 663 743 782 ἀπορόώξ Β 755.
802 846 Ρ126 318498 Σ 167 214 ἀπορῶγες ν 98.
272410 ΤῙ 130 329 379 412 Τ5 ἀποσταδὸν Ο 556.
148 341 501 Φ 199 490 Χ 324 328 ἀποσταδὰ ζ 143 146.
368454 Ψ53 385 880 13578 605 725. ἀποτηλοῦ ι 117.
ἀφ’ ι 49 60 κ 104 λ 278 Ε 13 19 ἄποτμος υ 140.
258835 A 143 320536 Μ 386 0386 ἀπότμου Ω 388.
537 Π 297 733 775 810 Ρ222 Τ501. ἀποτμότατος α 219.
ἀπὸ νόσφι Β 233. ἀπότροπος ξ 372.

 

