53 33 114 124 155 222 253 254
321 333 335 333 413 423 32141
3134123 121 142 133 133 134
232 251 213 233 303 340 343 414
421 444 452 455 453 431 535 553
533 υ 44 53 123 133 134133133
224 223 235 335324 333333 φ 42
133 253 311 333 χ 15 33135135
153 113 134 323311 413 435533
1544134113 123 123 113253 231
235 ω 23 35 135123132153153
131 223 232 243 211 233 332 315
321 333341 353 315 433 433 513
513 Α 11 34121 130 143 112 203
235 232 323 433 413 423 551 552
3 13 13 35 33 133 133 215 313
333 333 535131 Γ 21 33 33 53
111 131 133 223 322 333 A 25 42
53133 133 233 235311 311343
353 333333 431 433 411431433
413533 523 521 E 23133) 33 45
43 35 1213 32 33 35 133 145143
133 113 211 223 251 213 233331
344 414 441 535 513 533 332341
353 333333 115 325 344 333335
211 33122 144 131 133 21311)
321 325 332 342 343 331 511523
H 33 31 34142 155 133 133214
233 212 233 231313 454 3125
145 151 233 245 231 213 235 232
311 324 332 342432 434 525 533
155 114 132 133 331 333 [453]
533 543 514 333 314 315 343 313
K 34 33 42 30 34 14 33 132 113
125 123 133 143 153151133235
233 231 243 332333 333 332333

400 412 423 426 446 476 490 495 1

554 559 561 A 23 95 108 145 178
186 189 204 240 248 259 316 345
384 409 476 487 575 581 599 605
607 645 655 702 742 814 822 834
837 Μ 129 130 230 400 447 Ν 31
76 201 213 215 221 231 248 254

¹ 253 233 214 303 311 333421434

453 431 533 515 533 332 353 311
135114 :541 52 34 32 133 155
233 233 300 323 330 332 403 413
423 443 433 513 3 12 23 35 233
243 253 213 233 333 331 333435
411 413 443411 512 513 334145
115 23 43 53 131 233 313 333333
433 440 435 543 531 333 313 323
144133 335 343 353333 333 33
13 33 30 351314) 113 121 133133

568

258 288 293 346 352 474 509 591
617 635 648 682 700 713 715 Σ3
10 22 57 59 82 89 94 127 163183
196 284 360 361 372 428 438440
448 581 Τ 28 52 96106 109 125
145 154184 185 198215 228 267

· 331 404 419 1‘ 13 86 103 177 199

234 290 309 386 393 394 408 413
430 443 456 458 432(bis) 471 476
486 Φ 49 30120141 149 152 159
181 201 203 207 222 262 416 461
470 511 602 X 14 25 37 59 177
191 200 201 226 249 260 280 336
337 344 355 364 376 463 496 Ψ62
93 184 246 283 295 325 336 354
438 465 473 482 534 586 681 703
748 794 828 829 32 17 23 35 55
170 242 352 372 378 386 388 389
391405 410 432 435 485 500552
559 587 634 649 659 668 702 719.

1155226 3313 v 439 χ379 A 304531
45331412554 Η22Λ136 Μ277
Ν 302 Ξ 406 Χ 90 Ψ 283 710.
τὼβ 148γ137 148 484 494 3 203230
3601430111733723192301151
333 ρ 200 389 131 φ15 188222
244 χ114 181 187201 378 ψ 300
3101 153 Α327 331 338 347 Β217
833 Γ263 313448 Δ 274 Ε 13 224
233 275 366 550 556 559 568 768
Ζ 19 Η 7 255 306 Θ 45 115133
Ι 182 192 Κ 272 354376 449 530
577 A 123 130 281 324 331 519 642
782 Μ 131 135 145 330 Ν 301 345
385 584 708 Ξ 281 284 0150154
416 544 Π 326 337 470 475 476 756
Ρ381 432 457 492 Σ 582 Τ 47 Φ 298
426 Χ165 40041234 506 685 54331
473509 609.

13713334 A 110 Ν 66 Ψ 333.
τώ A 330 3441?

161659 3221 0212 553, 561 574 610
7196 Ν 706 Ω. 281.

314 26157211 β277 γ363427 310
98 13 ζ63 34331131133131
1134 λ524μ73373312οξ24 2661
(1411592 123οχ 2520) ω 497 Α 382 ’
6281 Γ73 94 256 Δ1260 308429 ¹
2414024351444311204415 ’
156 524 560 658 693 825 (1001101)
Ν 128 169 540 Ξ 274 368 Π 697
763 Ρ370 Σ 503 583 Τ 83 345 273
75 Φ 353 371 518554 Χ 380 ι2160 ¹

 

