501

11661 Γ125 Ζ91 272 1144 286
Ν 431 Ω 209.

μέγαρον 64276 416 η 180 44432 v 61
377 ιι 104 341 413 ρ 604 624 696
658 262 γ299 457 482 494 ψ 20
24 ω 449.

μεγάρων 64374 11139400 6 728 691
730 37 φ387 χ 172 375 399 ω 440

, 0507 547.

μεγάροισι οι 269 295 γ 186 354 6 101
192 238 392 557 624 ε 14 η 150
942 227 242 ιι 150 348 523 131
119 162 341 ν8 77106 120 ρ 79
143 521 716 87 327 486 497 529
552 589 v 68 274 φ30 41 176 367
χ56 151 211 322 421 489 491 41428
56 60 355 61 382 392 412 Α 418
Γ207 Ε 193 270 Ζ 428 1465 487
561 Λ76 0439 Σ325 331 Χ 69 484
510 Ω. 219 427 497 ,539 726 757
μεγάροισιν οι 27 432 β94 299 γ256
360 401 41210 537 587 734763 η 12
53 431 ἰι 338 452 168 182 198
6337 384 403 ο 354 4438 77 269
284 314411 ρ358 569 6183 221
267 307 794 139 217 254 490 573
6389 φ 360424 γ47 222 313 ψ 113
132 302 363 64129 162 Α396 Ε 805
Ζ217 371 421 528 11148 8520
Ν 667 Ξ 485 502 4339 4476 61603

μέγας.

502

μεγ611ου 0 82 4411 τ 179 χ334 379
8134 (11187 μεγά1ῳ κ 359 ω 463
Β 210 Μ 138 741393 Φ9 256 282
387 μέγαν 64301 β94 104 377 γ199
0746 8178 234 266 9274 434 512
4212 240 313 340 391 513 κ 158
222 226 254 299 343 μ 1731 ν 13
0292 7139 149 v 229 φ177 178
183 χ2 6480 129139 147 222 11233

497 530 Γ 125 A 436 534 Ε 39 434 .

62562828386Η265 02001132
274 496 Λ 57 501 563 591 Μ 136
Π 158 Ρ115 Σ 344 476 559 588
Τ113 11457 0404 11443 l1540
702 750.
μεγάλω Σ 518.

μεγάλοιι426 1157 44436 6372 11839
Μ 97 μεγάλων A 454 μεγά1οισιΩ 798
μεγάλους ρ 180 6 68 ο 250 Μ 57.
μέγα β 163 7344 3663 166 616 617
402 425 429 435 Ι461 ι319 423
6171 180 ξ 315 ιι 98 116 346 758
6411 χ 146 ψ 146 166 ω 171 Α 164
283 8308 41417 Η 124 463 11212
Λ 404 734 Μ 12 416 Ν122 1116
0381 400 Π 208 802 Ρ99 264 384
T 150 Φ 195 268 Χ 163 307 435
ἶ11827 Ω 706 μέγ’(α) ε416 ιι 94
A 38 Λ 698 μεγάλοιο ι481 A 483

. 0631 Π 297 Ψ820 μεγάλουε320

768 μεγάροιςγ213 6165 ζ 62 4 190
445 6334 ξ 326 077 94 231 450 4433
94 ρ 252 391 6420 7295 540 74117
, 214 φ4 100 χ218 370 417 ω 187
396 Β 137 Λ 768 Σ435 Ω 236 664.
μέγαρα 64365 41768 61479] 1334 442
6399 444299 1463 μέγαρ’(α) ρ 360
ιι 167 χ396 Ζ 286.
761644 614 4464 4176 4114 9 446
4508 μ 103 ξ 458 64 217 382 7200
439 532 538 φ 32 334 ω 40 Α 239
3196 653 816 Γ 167 226 324 Ε 610
680 750 Ζ263 359 440 Η 25 233 287
427 8160 394 443 1169 Λ221 Μ364
381 Ν 321 717409 0471 560 Π 358
531 776 Ρ628 715 Σ 26 292 Τ134
410 Τ73 Φ 108 192 248 329 388 395
Χ 232 249 Ψ664 708 722 811 842
Ω 90 125 477.
μεγάλοιο 6 27 1151323 ιι 361 1255
268 604 ξ 530 π 403 ω 521 Ε 721
907 Ζ304 312 Η 24 8383 1502.
536 Κ 24 178 296 Μ 241 78194

393 μεγάλῳ ιι 247 Γ23 A 161 (pro
46664.) 3 146 446 46 44 664 Λ 671
444114 Ν166 677 44116 6166
739 Τ459 με’γοι α 100 240 β 125
4167176 11744) 161 176166 166
611616664167174166166166
666 441 4116 966 64 166 666
4166 616 661 4161 176 464 646
4166171 1161676 1666161166
177 466 461676 661 6166141
14644) 646 6166 466 6164 166 94
410 616 674 666 614466 466
416644) 466 664161 6166166416
466616 4164116 4446 614661
603 466166171666 4114 44 413
303 746 1161461441 667 394 446
44166 444 6176 111 167 666611
66644) 4166 166 111 116 176666
676666 46161411 1144)16644)
61644) 766 444167 616 666 1766 67
66 16644) 666 414 466 6161 6164
116 161161 166 664 677 661 47166
141 16644) 446 76644) 61444) 6161
166 166166 616 744 1666 476 667

243417 Ρ389 409 Σ 562 011981

 

