763 ταχυτῆτος - τε. 764
τάχιστα α 85 γ 175 4216 473 544 737 283 327 366 432 474 476 Η 139 140
ε 112 492 ζ32 289 3434 1223 ξ407 190 277 318018) 319 820 24 48 184
ο 14 293 π 152 349 466 σ 263 ω 360 185 275 283 307 340 34600111.τε-71117)
436 532 Γ 102 Δ 193 269 465 Ε 690 394 446 518 148 83 081) 171 200 366
89 Ι 165 240 621 626 659 Ν 286 326 500 (bis) 594 639 653 K 76 158 190
0 146 453 Ρ640 692 Σ 344 Φ 311 308 320 374 395 419 429 532 542 573
333 466 Χ 129 Ψ 71 197 403 414 1183 ((τε -77871-) τε) 89 163 164 181
,Ω 263 554 635. 480 529 538 554601 647 659 668 706
’ 88188784 513. 333 M3135140(bis) 288 288 388
τάχισθ’ 3531. 311 (τε-τε 134) 319 336 426 436 Ν 6
ταχυτῆτος Ψ 740. 920118) 103 108 195 230 373 637 764
ταχυτῆτα ρ 315. 784 792 Ξ 201 302 467 (bis) 038 82
8481811.8118141811-881Ποβ8 57 214 302 36808111. τε-καὶ) 413 558
153 358 γ113 154 223 290 293 457 621 Π 24 119 224 246 335 416 (ter)
480 672 73 119149 1500118) 233 370 432 489. 530 616 773 798 Ρ378 505
393 419 483 597 604 (bis) 801 831 663 669 Σ28154 1682090) 275 327
5 186 454 ζ 111 171 320 η6 116 148 356 391409 412 415 469 474 495 574
187 288 288 888 888 812 887 824 8881881181) 3135 22184-81228.)
81 33 112(bi3) 11888) 148 284882 288 (5551. τε 551) 288 (5555. τε 551) 333
305 341 363 400 440 441 524 180 97 311 314 361 Y 18 40018) 60 93 199
167018) 186 456 κ 147 155 200 225 237 238 305 492 497 Φ 199 Χ 2 665
2390118) 242 386 404 424 5150118) 127 155 204 282 296 338 399 502
527 567 572 123 34 55 87 110 131 Ψ45 46 102 116 (πάραντά τε δόχμιά τ’)
244 250 320 3210118) 3260718) 332 347 132 148 198 255 260 (θ’ - τε-τ’)
362 395 419 426 571 590 631 μ 53 261 (ἠδὲ-) 295 395081) 442 483 (8776
134 137 163 190195 196 260331410 τε πάντα) 493 498 (51 τε ==quique) 503
430 ν 3 11 191 218 238 (τῆνδέ vel) 568 608 666 719 Ω 3 34 37 193 264
295 304 408 ξ109 158 251 268 472 353 377 (τε - δ’) 430 459 471 576
494 513 [517] 0 98 207 209 210 229 580 624 (bis) 630 665 690 698 701 782.

288 248 288 887 888 878 (441-ιε)
881 488 484 (55531551) 888 5 8 8
(conf. τε - τεΙ) 43 81 293444 478 ρ 23
113 155 177 345 422 487 445 533 543
88788) 33 103 121 288 228 513
37 33 73 131 353 405 403 433(1is)
431 515 821 (5053. 15 5111) 848 5 18
121 188288 288 812 884 φ8 21 43
73 31 37 114137 133 337 333 335
343 413 233 143 170133133343
343 (315) 345 333 445 434 53 147 373
331 337 333 5 48 188 288 284 828
827 334 331 431 45 33(bis) 45 57
33153 133 355 353 373 333 430 433
(bis) 433 (bis) 487487 3 35 128188
333 288 284 877 428 (bis) 430 447 435
(bis) 433 488881) 487 (115) 503 (bis)
888 513 530 530 533 570 (115) 303 848
848814) 888 877 888 735 733 743 773
733 354 333 371 13454550515) 71
73 34 8288144147 174 175 181288
Δ 28 81 88 88 188 1818141) 278814)
288188) 288818) 828 418441 311
133 337 453 474 543 888888 377(1is)
878888) 788 788778 788 z 173 288

τέ α 321 392 (τέ-καὶ) 6610 8181

1282 178 288 5333 3433 503 5343
7281334 118⁷ 5431 4331510
888 4143 3170 373 3435 1433
11 188 Λ88 115 370 81482 8882
71753 3573 31143 8288 887 828
888 8127.

5’(5) 5171 888 303 (155) 533154
374 (115) 1778188288 333 81188)
428 874 818 (315) 888 428 (55 ι’
8118 555) 137 18188) 303 317 333
1188 118 310 354(115) 333 330
η 888818) 337 888 8188 184 (18)
287 281 (55) 474 187 374 513 533
103 133 343 288 (155) 313 08 887
488 828 181 181 182 347 35· 334
371 331 333 357 888888 ..888
178 188 288 281 288 278 5 345
888 (τ’ ἄρ’) 888 182188) 133 153
265 389 405 8 1240118) 219 356
488888 888881) π 18 842 41788)
432 ρ 156 2150118) 273 (5515’0174
535) 335 333 434 573 (115) 37 33

18808) 288 ι 88 88188) 288 884

482 315)433 (315)5150 331 884 (8)

 

