313 3-3.

11113334131131313133133133 303 404 433 333 3143 11 133 431
315 313 331 331 331 1 153 337 433 430 339.
133133331133313113111133111131113143311331331111133
134333311331113113131131331 13331111)φ131χ311331133133
333333 33113313133131133333 13333131111111113111133]
11153311131313331131131113 3331311113.

313331 χ 131 3 103 143 111133 3111111111.)1415.
113333131311331111113113 1113333111133111.

131 113131 355 133 311 333 313 313 1111111111.) 1 133 333 331 3 333 710
3113141111131331313133113 1113 133 3333 331 331 1131 133
13143311311131113111113333 11311133113113131111111313
1331131333331113131131111 31313333311333111111311133
113 3333131131 13131111111333 11111333311331331133133
313134 11311131 11333111 133133 141 1313 111 133 131 1733 13 113
313413333114131331334333 311313313333131131331333
113311311331331331331311143 333313133311133133411313
331 113 333134 33 113 113 533313 133 345 504 503 1113 4503337 433

18 324 358 394 Τ 56 109 270 315 Τ 343 31717913413804333211370

134133 344 347 453 Φ 54 55 532 13241.

333 1113 1343 133113 133 133131
353 357 373 435 Ψ 133131 1111 113
111313 113 113 133 113.
355 5 134 11153 1133.
3535 311 5 311 133 3350 335
Α 331 133 N 331 1113.
35‘5333 33111311131133113
1333 3 301 1331 M 33 11331
1111 313 1133 3333113133
3555 5 155 337 307 334 400 413 3334
335 1111113111133 333 355 133333
331413 373 151 133133311 114131
333 133113 3333 3311131343
1111 1 113 133 133 333 313333 333
13333 133 131131 333 113 1141
113 ξ 111133131133 1 3 111111
250 464 488 1178 129 193(3 γάρτοι)
111113 333 313 331 1 3 101133151

311113 1131 1111 333 (3 111 111) 331
333 331 1 334 (3 1111 111) φ 13 33 χ 3
171 130 340 3 113 333 333 11131111
331 430 A 33 131 113111 3 73 313
1133 133 113 333 Δ 3 13 131131
31131 373 537 3 447 343 734 309

31131111311311141133131331
365 406 451 458 Θ 35 323 364 459
1130331313 1 65 555 701 Κ11 Λ24
94 257 317 338 (ἦ τέ τοι) 362 373 442
487 613 Μ 141 Ν 314 334 709 Ξ252
391 405 0 1381304311 333 634 699
Π 61 253 399 451 463 Ρ193 288509

35 3 33 31 1113 11 1133.

3 - 3 3 73 1133 1 111 1 131-131
11131-133 3 13111)

3 - 3 - 3 1333-333.
3 - 35 3333 1113-11111311311
1 133-131 3133-131.

35-33373-3731113.

35-35 1333-431 Ν131-131 0735

- — 3 3 133 3110 140 314 343 337
1113 11311133113311)11113331.

--3533731133 1133.

3 - 3 3 33-39 733—730 333-334
1 330 11331133-133 1133 3333
-134 3 153-153 1133-131113
-13 3 331-333 1313 311-313
11313-311 N 453-457 743 -- 743
11343—344 433-433 3 303 11111
*1111) 1311 31311114-113.
3-3 3 110-173 1111-1131133-
133 11 11-13 1333-333 1131-133
1331-331 3 33-37 5 404-405
473-473 3 337-333 3 373 -·673
Z 331-333 3377-373 11311-313
11313-331 3 31 11 403.
31-11-1, 11 331-333.
τίνα - ἦ γ 251.

3 - 35 5 333 3343-347 713 4 175-
113 1 333 333-333 313-333133
133-131 1131-133 3 303 5 111-
113 3 333.

3—35 1113433 1133 131-31

311 3 337 373 443 535 133 31 1003 1133-131 3 133 333 11 133-133
111 37 313 435 0 37 33311113 4353 403—410 ,311-11 11 333-331.
11113131131333111111331113, 3-35-353437—400.

 

