335

11111444 8 74 y 13 305 351 3103
111 315 513 1188488 ζ 185441
485 1 151 1 188 384 441 445 558
145 445 1 488 544 554 1457 188
188 418447 443 478 818 818848
378 1187 184 ρ 15881 144 484
877 1 141 188 887 514 544 588 588
187 115 417 485 884 φ 488 485
481 1848 ψ 458 1185 458 1148118
187 548 588 584 1488 A 88 51
E 448 485 878 848 854 758888
z 331 110 111 133 1171 857 487
1374381481 484815 818 K 131
A 333 115 81431 1113 77 487 1158
188 475 858187 448 11 14 845
1154 888 4184 485431 1331
18 113 Φ 84118157 11188 444
Ψ 478 551 11784 744. *

111174 μ 454 1448 1487 1881
11188 1488 11887 11178 300 1174
444 113 88 E 330 4148188148
481144 48511418818811551454
1815 1488858 030 4188887 488.
11111 48 158 188 174 185 488444
. 447 444818 841 888388 8 33 45 58
887888181188138414418418385
315 313 351 1 31 101 (511) 185 301
303 311 313 331 388118148 030
81 105 133 353 330 311 311 313
818847 3311511) 848 878 147 487
488488 538 574 585 588 888884
885 844845 333 101 744 748 788
787 7858111) 884 187 148141 188
178178 188415 48811111) 305 303
313 8581511) 353 388883 188118
131 133 185 (1111) 474 ζ 57 53 113
131 113 133 313 458 11 4448488
444 448 488 481 488 471474481
485 488 388388 8 151 178 488 438
811 818 888415 133 133 553 513
111 15 38 44 84 158 187 481 484
4834134484784888178183551511)
335 311 441447 130 511 513 178
148158 153 445473 477 488383
888 318 338838 343 844 388448
488484 548554 18175 77 148178
174177 488 487 418 418 438878
874 875 488 445 457 488 484 484
588 844 841834 μ 114114155 444
431 484445 488 488 478 488331
333 388884 133 1 48 41 53 133
300 303 313 333 311 313 848888
335 331 388381 3 33 33 53 113
154 158 185 188 418 418441484

ἐγών.

441431454 481 487 348 351
388887 337 484 487 488 481
188 81 148 185 483 478 811
841848 838 347 384871 33
111 133 510 511 513 11 33 1
111187181 488 435 445 481
(118 44 4811111) 53 83 184 10
113 188185 448444 350 48
388388115 458 544 515 0 z
55 145181184 133 303 351
330 118 18 37 71 117 14114
148148184 418444 453 48
314 343 353 388 877 411 511
533 513 533 530 535 11888
188 118 484488 388 811885
415 448 484 481448 χ 7888
188 818 347 881 384417 48
114185 185 188 171 184 48
418415 448451 481 473 47
481 855 358 888 1188 11413
458 458458 487 487 888 841
348341 488481 474 511 A
11 103 148118 153 131 181
853 384411155 501 505 51
8 58 113 313 315 131 133 13

1181184(811)185 188 178 18

8878111) Δ 47 48 58 188 18
418 13 110113 131 303 31
353 351 330353131 15313
881888 z 301 315 331 88838
413 441 488458 11818815
488488 8158154 175 181
487188 1 18 34 81 183 14
143 188 188 311 314 814 34
387 378 878385 884 38841841
448 445 448 478 474 48848
818814 814 845 845 848888
88 81 83 84 115 144 17844
335 331 303 8418111) 384 88
445 417 Λ 418 487878 88
818 111411 415438 1178 48
7851244 188488 471 318 34
474581588 0115111131
17 48 48 51 58 74 84 114 48
447 4881811) 435 517 518 51
838 847858 P 31 33 31 33
Σ 8 8 81511) 18 548111) 81 7
35130333313 483 388 33
133 113 1 44 85 88 188 13
313 331 488488 348848 33
131 141 83 488448 03310
313 315 330111 488 553 584
3313 48 88 188 144 17843

383 300 333 388 133 133 151

 

