403

310 52 333311 433466 614613 633

633 666 666 663 346.

4444 31013 33 35 47 55 53 32
103 116113 117 121 166163163
136 133 361 366 334 333 346 361
366666) 366331 333 364363 333
334 361 363 366 331331344 363
366 357 375 333 334 333 463 463
436 433 433 6 163133 34 46
66666) 66 64 36 31 36164 166
163 163 116114 141 163163166
155 155 166163 137 136 311 313
313 316 333 336 336 346 366334
363 363 336366 363 313314 331
333 333 336 336333 364336 343
352 663 336 466 413 434 7 3 3 16
36 33 44 46 43 66 66 63 66 57 53
33 31 116136 136 134 133136
133 133366 364311 313 334331
333336 333 343 343 363331333
366 366361 313313 333 636633
343346 343 361 336336 3363616616)
363 333 403 423 433 443 461 451
470 473 473 [433] 5 5 3 40 43 53
03 73 73 30 31 63 646614) 66 66
34 3636166166 107 117 136146
151 174 175 136163 133134136
137 205(51s) 205 (bis) 215 233 242
252 253 271(5is) 273 230 (666) 234
234 237 336331 337 347 663333
366363 331 411 415 416666) 444
463463 453 453 475 435 466433
661666 503 513 520 633633 634
646646 663 663 663 636 633 663
636666 666 514 525 523 332 542
544 543 553 557 553 535 534 703
712 725 741 745 743 753 336 336
777 313 616613 320 325 332 333
334 ε 6 16 36 43 46 64 34 636616)
34 66 116 136 136 133141164166
[163 (614)] 166 (bis) 134 166166133
133 213 215 213 213 223 224(bis)
225 231 245 247 243 254 253 252
273 273 235 237 305 313 327 330
352 355 334 337 333 405 414 431
434 436 443 444 443 446 466 466
466 436 433 433 13 3 16666) 16
66 36 33 36 61 63 36 61 63 6463
31 36 164 1161346616) 131 134
146144 146164 154 166133 177
131 132 135 136336 227 233 237

243 253 250 253(5is) 331 (515) 363
336 336 366 363 [316] η 13 36 43
44 63 61 31 33 346) 33 66 66 31

444

410

’34 36 33 166 115(bis)115143 163

166 164 163 133 166 166131 133
136364 313 316 313 336331334
363363 3666614)363333363366664)
336 366 311 314 336 336333 336
336 343 316 36 33 36 36 36 46
63 66 33 36 63 36166166 111
113 116 113 143 144 146164166

176 182 186 187 206 209 213 218 «

336 336 341 344 343 343 3636666)
363 313 336333 361 363 364 336
333 333 413 416416 454 457 453
430 435 430 432 510 513 636636
525 543 545 551 553 550(514) 551
552 572 577 530 531 534 1616
15 1337 41 45 66 61 66 33 61 66
103 103 110 123 136133166166
152 153 173 241 244 346361 366
366 363 363 366363 336333 334
341 343361 353 353 371 333 404
414 422 445 471 473 435 433 510
613 616 633 643 666 663 666 663
4531314173333435253 55
55110 145150 161 164 164166
133 366333 331 334 346346 363
333361 313 336 336 366341366
666 636 (616) 333 463 466463 416
433 434 433 463 466 463466 433
434 [433] [436] 436431 434436
517 631 633 644666 663 664663
13 4 16 36 64 61 36 36 31 34
104 105 103 103 117 146146163
157 136136 135 163666) 133664)
363 311 334 361 364 361366361
336 336 363 316311 313 3366614)
343363 366 336 333 331 333417
433433 434 441461463 463 466666)

Ἰ493 502 532,534 547 551 552 576

663 636663 664663 616636 636
434666) 6 14 13666) 33 363134
4143 63 64 36 33 36 113 136
136146 163 163 1311166 363666)
311 316313 331 336 346 366366
316 333333 333343 343 363 6614)
364 363363 366416 466443 4 11
20 33 41 46 66 63 66 33 366616)
33 133 133 143 143144163131
136 166 366 366 316314 316 316
336346 346 366 334331 336 363
361 333664) 366 366336 336 366
463 463 411 416433 53 1611
12 40 44 45 45 47 51 53 52 53 74
6466111 116 113 136 161 146
146 146 143 163 164166133133

 

