66 116-61. Ν 66

11 16 14 31 66 66 116646661666
346361 661416 16 6 66 144 631
346366 466 0 33 37 116114166
333 343 366416 466466 666666
303 1166 333 373 303 331 371 373
477 2334 66 66 116143 137 300 317
331 616636 337 300 343 666 370
373 710 714 730 733 741 133 734
733 313 666616 666666 43 33 33
100 133 333 313 343 433 477 307
303 307 303 313 313 333 371 333
66 6 116466 616 66 33 334 337
333 311361 417 (616) 6 66 33 337
wmmmmmmm
133 313 666366 307 401 466 431
334 713 713 733 303. 611 31 131
666316 433 466461 473 416461
161 41 16 166 116 616 646666
6416 136 146 166346 66 16 61
166113 33 166 616 666366 661
361 364 666 436 436 430 416466
331 6 41 666416 416 6 66 66 161
666 616 316 611 1641 661466 663
μ 413 613 116 164161 166616
666 663 666366 16 166 461461
466 666 6 43 33 33 134 303 331
333 333 464466 431 433 61 46
166 164 111 616 366 664 446 6 33
37 31 73 303 403 433 433 433 303
643 666 666 614 33 73 116111
137 133 133 137 331 333 361663
363 331 666 6 66 31 66 66 16 304
373 331 333 333 414 466466 433
446466 433 303 303 644 6 4 66
36 61 66 166 166166666 616 661
61 46 61 61 164166146166166
666 666 666 464 466 416 414 433
χ 34 30 133 131 333 371 333 330
333 333 433 443 443 433 433 ψ 4
164 161 646 641 664 666 666366
311 6116 634 361466 416466
416463 661 A 43 33 33 33 33 101
143 666661 334 333 3 13 18 30
43 33 73 666666 666466 466646
373 334 330 331 343 666166166
370 73 130 131 333 331 333 311
313 334 334 333 374 331 666446
4133 143 616646411466466 330
6 46 43 33 73 111 136666 331
616333 333 333 434 431 641666
333 373 334 307 331 333 614666
333 333 733 743 333 333 333 16
1616 666146 16 136 166 161

661 666363 616 1166146 143 166
161 166 166666 611611 364666
466 416 416 464 416466 661 166
136 166 116 661 661 616 666361
466666 666 1666 666 1166 661
336 366 664 314 446 466 466666
340 A 66 16 66166 616 664 664
466 464 416 636 666 611 666 116
64 66 61 116 166 666 666 666 666
666 366 363 366 361 466 466 466
Ν 16 61 166 161 136166661466
461 616613 666 664116 666 113
466441 466616 66 16 166 146
661 666311 466666 614 166 11136
133 171 313 300 303 347 661416
431 331 661663 743 124 10 34
107 133 337 666461 333 611661
733 66 313666146 166666 664
613 641 461 661664 1616611 666
316464 116 13 146 166666 666
666 616 661 616461 444661 033
33 33 133 173 133 166666 343
333 616466 437 466461 666666
661646661 661664 1177 133 143
300 333 330 313 333 344 333 410
113 66 1161666616) 166 116 616
666 666 366461 614 666641666
641 666666 664 661 6136166 336
336 366666 661 616663 646616
333 331 703 703 713 166166161

ἄρ 0 743 ε 369 4 133 ν 207 6357

61166 0174 258 Ε 89 Η400 433
Θ 269 1403 Κ 249 0397 Ρ658

Σ79 Τ56 Τ205 Φ288 Χ258

11 3610611).

66 6 661 6 66 466 0334 333 303

3133 11403 423 13 533 6390
66245 11185 1186111131 4115
Β425 761 Δ 135 Ε532Ζ352 426
Ν 284 307 0564 Π 374 Σ 55 252
34 40 42 333.

’ 33²0 33133 361 632 1141 3333

6161 666 6166 1414 μ 666 1661
6616 461 ρ 666 6 631 361 6461
666 6 64 111 661 6611666416
2403 6166 666 A 333 6666161
166 A 33 103 433 6131461 666
166666 1111616 1146 446 6636
1664 11666461 A 343 333 M134
304 N33 416446 373 733 6116
166 616 461 6366 411 664661
11166 666 666 616 666 666 373
164411 343 334 333 333 374 6616
366664 7 31 313 11146 461 0 33

 

