650

πᾶς.

1115 411 414 3 343 3113134
143 131,

πάντεσσι θ 21 167 538 μ 337 1292

331331 3178 13103 161 9150 453
a 317 υ 43 χ 131 141 A 000 1111
513 11145 113 1511 1133 134
133 1333 πάντεσσιν β 133 115 1331
11 113 4341431113 353 η 10 030
305 470 554 ι 13 131 1134 353

333

437 794 5302 165 11310 ἰ 109 222

· 4524 μ37 204 280 329 410 111

178 194 ξ103 160213 3 71 412
π148 3355594 601 3189266271
,τ 305 504 561 a 535 11330 Ε 430
2441 826559 1135 277 Μ 285
Ν 632 Ξ 48 215 220 0189 Ρ515
Τ13 Χ 73 111724 12260 420 πάνθ’(α)
1403. =

μ 70 1298402 ξ 366 423 3 255 (150 πάντων η 220 μ 259 ξ428 σ131 χ48

59 547 1539 550 558 1238 φ 121

N 333 3113 1441 113111).

203 353369 412 11161 281 Ab 289 πάντεσσι Ξ246 πάντεσσιν 1432 πάν-

3143 A 17 61 95 167 431 Ε 63
Ζ 140 200 11412 0240 346 1357,

τεσσ’(ι) Ψ 671 πᾶσι ρ 213 545 1174
φ 266 Γ 70 91 A 178 πᾶσιν η bl.

Μ242 Ν 829 Ξ 334 0123 134 368( πάντα β55 205 227 265306 335 346
546 Π 194 2480) Ρ 213 417 750(

Σ 366 1‘314 357 Φ 524 X 433. 1

πᾶσιν 34 71 β 194 γ 340 d 176 183 777

1265 3180 183 0497 3171 204
5520) κ 188 398 518 126361 491
1177 1255154 ξ138 3165 π378
σ422 425 υ 156 163 φ 93 147 272
χ33 41 A 283 471 516 597 11285
579 Γ212 454 Δ289 Ε2 29 Ζ493
1118411731761120 09698103

’ 280 Π 159 280 Ρ633 671 Σ223

Ψ 108 153 787 Ω 25 321446.

πάντας α 299 β 91 174284 330 186

131 141131311414 3133 133 115
33311153113134115341133
413 451 1113 511 μ33 113 [141]
1343333 531133 43134343343
351 413 133 3444334 514 5133
131 χ41 11133333 3511313] 314
353333 343 34 433 453433 513
415 3145411113 3333134 4331
1313115133413 1143113153
135134 31111111433 15415
1133 111113113333533 4153
431 133 111134 114151 143151
2114133331533 3113 11153
133413 133 353431 113141313
T 14 31 113 113 1413 3113311
11414 11131333 153 315353 331
a 150 135 535 333 700.

πάντες 3 307 φ 141 05 20 Τ 101 190,
πᾶνξ 267 π11 351 (1436 χ404 11 5401

44411134 133 3 133.

dbb33 343331 1413 3111333345(

368 389 414 y 62 114 315 457 d 209
240 266 379 410 468 494 592 654
(pre adverb.) 738 745 [783] 376 136
210 216 219 244 247 300 ζ46 67
93 281 η 94 134 257 054 211 214
318348 394 427431 468 1123131
149 238 245 (pre adverb.?) 309 (pre
adverb.?) 338 342 (pro adverb.?) 389
511 κ 16 289 306 404 424 467 1178
223 μ 35 363 1209 (pro adverb.) 411
417 ξ 76431 434 3 12 54 132 156
4133 333 ρ 11 33 534 533 a 107
(pro adverb.) 170 230 τ 5 23 93 525
υ 37 336 φ156 χ 256 ψ 6 198 284
333 ω 15 111 113 333443 (51411-
verb.) A 257 286 367 466 1110 429
485 Γ 72 93 282 A 320 363 389 (pm
adverb.) E 52 60181 (pre adverb.) 490
807 (pre adverb.) H 207 318 Θ 146
539 13561331 442 645 11104169
211 Λ 176 6136113 adverb.) 768 M 20
133 Ν 375 729 826 Ξ 171 235 [269]
276 O 159 11499 Ρ64 243 (2) 716
Σ 328 401 409 412 485 511 Τ90
140 186 226 247 Τ340 Φ 51 235
600 (pre adverb.) X 115 120 491 (pro
adverb.) 512 Ψ 20 96 180 483 594
626 Ω. 232 379 491 624 πάντ’ 343
1154 1 133314) 131 11313314) 413
13681361 3549 556 561 1352 χ61
4333 A 335 3343 (pro 411511.)
1111311) 135 11334 331 1333
Μ 176 385 Ρ632 Σ 142 499 Χ 71
(pro adverb.) 271 Ψ 66 (pro adverb.)

¹ Ω 264 πάνθ’ μ 189 π 339 Σ 614.

431 χ 451 A 004 531 4111 11431( 45444413 4153 1333 11133 113

Λ714 Μ289 Π79 Ρ136 Σ453
11286 11703.

Μ 398 Ν 13 772 0625 Π 69 364
412578 Ρ393 650 ’1362 405 Τ316

πάντα β 78 176 356 410 11363 417 387 Φ 196 375.

 

