851

χειμὼν 6 566 ξ522.
χειμῶνοςΡ549 χειμῶνιΦ283 χειμῶνα Γ 4.
χεὶρ Ε 417.
χεὶρ Ε 82 8 328 Π 517 735.
χειρός θ 189 193 ξ3134 277 9480
Γ363 Δ493 Ε 18 8329 Λ376
Ν 539 Ξ 407 0421 465 468 Π 480
Χ 292 χειρὸς β’321 0277 η168 μ33
ξ 319 0465 0263 χ17 83 94323
Δ 154 542 Ε 30 416 H 108 11371
A 239 488 646 675 778 Μ 306 Ν 410
505 529 595 598 Ξ 419 455 0 126
Π615 1327 479 Φ 166 416 590
Ψ 843 870 Ω. 508 515 735.
χειρίβ 302 0610 ε 181 θ 291 κ 280
389 1247 ν 288 0 530 0103 A 210
361 E 372 Ζ 485 8321 Ω. 127 284
χειρὶβ37 551443 1128 11171 1359
ν 57 164 225 0148 056 1448 v 197
299 φ 6 59 410 χ 183 326 ω 176
A 585 596 Γ 376 385 Ε 302 309
836 853 Ζ 62 253 318 406 Η 264
8221371493 1131454 461 A 235
238 355 Μ 452 Ν 243 Ξ 232 272
385 0443 635 Π 117 510 792 Ρ48
296 604 Σ 384 423 476 Τ7 131
396 Τ261 285 Φ 175 286 403 424
Ψ568 χεί ’(ι) 1302 1480 χερὶ 8289
T 182 Ω. 101.
χεῖμα β 321 y 37 374 θ 106 ξ 184
0258396 φ 433 A 219 Β 389 Δ 249
Ε81 336 425 797 1420 687 A 252
Ν 593 597 783 Τ480 Φ 286 Ω 361
374 671 χεῖρ’(α) α 121 ρ 366 χ 277
10 398 Ε458 883 H 188 Ξ 137 Ρ 601
Τ261 Ψ 75 Ω 506.
χεῖρε (99009.) ε 374 ι 417 1 211 μ 442
φ 223 ψ87 ω 397 (ἀμφοτέρας) Δ 523

(ἄμφω) Ν 534 549 (1119φο3 Ξ 495 (ἄμφω)
Φ 115 (ἀμφοτέρας) χεῖρ’ ε) 1527 0371

Σ 414 (ἄμφω).

χεῖρεςδ 149 μ78 9344 0237 φ 202
91166 8450 Ν 75 77 814 Π 244
Ρ387 Ψ 627 687.

χειρῶν β 396 9316 434 1512 1207
μ203 01261113 0181267 φ99
282 ω 534 13506 582 657 8137
(226] 1344 11377 Λ9 128 553 571

1145159 11134031411411594091

Ρ298 662 Σ 445 Ψ 384 714.

χείρεσσιε344 1487 14671041οΓ27]
8116 Μ27135 0229 Ρ40 620
T 252 Ι11554 597 χείρεσσιν ε 348
ξ31244811444 φ235 χ332ψ268

. χείρ. 852

χειμὼν -

Γ367 11559 11310 397 0311 11801
Τ 18 χείρεσσ’(ι) 7 355 φ 379 Κ 529
Μ 382 17704 χείρεσι 3433 χερσί y 483
0 116 0181 1579 χ 148 Ε 365
Λ 180 Π 699 Ι11102 χερσὶγ 281 δ 213
287 506 ε’292 462 482 084 394 406
1416 1426 591 μ 174 v 199 ξ 351
0120130 9171 154 013 20 39 156
200 335 τ 361 φ 132 399 ω 2 97
230 A 298 441 446 Β 860 874 Γ 352
431 Ε 216 381 266 368 K 328 452
A 847 Μ397 464 Ξ176 019 114
196 398 741 Π 438 624 630 854
Σ27 30123 545 Τ 251 28421418
0104 259 531 Χ77 511 Ψ99 152
565 624 675 686 695 711 761 797
χερσί. 5939 433 595 400 9490 1595
19246 ξ 368 0124462 0316 1415
φ 315 373 A 463 E 735 Ζ474 8129
344 386 A 184 02 Ρ482 Τ360
Ψ 337 11441 χερσὶν α 153 γ433
463 066 300 149 428 ζ91 η 101
339 0 68 148 372 482 ι 108 305
346 398 434 11397 1575 μ 205
229 444 π 296 353 0 152 φ 245
χ 10 497 ψ 76 294 368 10 316 A 14
77 373 Β374 Δ 291 533 Ε 60 344
564574 Ζ482 11255 8359 186171
568 K 501 Λ 4 827 Μ422 Ν653 ’
763 816 Ξ218 373429 0 289 318
364 447 474 717 Σ1123 551 Τ62
Υ94 143 420 Φ47 82 242 1133 65
426 446 497 Ψ 114 583 780 Ω. 165

’ 168 303 304 345 478 638 647 724

7955195115 11499 459 9505 0903.

,5515555140 149954 β 901 5999 001
910 919454 5990454 9310 5149
911 195 494 5999 994 5 49 199
919 1399 499 491 509 550 119
949951 991990 5955 910 ξ 453
5149 510 54 949499 5 99 999
599 100 5359 5 99 99 91 950 909
390 5150 995 919 χο9 10 119 199
949 310 400 411 419 500 531 901
5119 A 99 351 450591 1910 915
919 19199 114 493 509 559 993
951 391509 11190 111 309 451
9941 191 174 991 11449 5191 140
109 111190 1149 01 195 991919
995 913 0139 191 999309 519
11999 7541 039 Σ 93 15311594
1954 1911 319 503 0 90 90 33
994 453 499 1131 ³7 13 772 19 301
419091 743.

 

