173 δέ. 174

467 468471 491 497512547 554 572( 228 239 280(3) 290297 324 362 382
585 589 599 608 617623 662 664 681( 403 419425 523 549 563 8526 3341
704 (515) 705707 744 745 767 769 7841 63 90 93 96 136 160 176 197 210 217
794 799 840 844 ε 65 89140167 243 266 271 357 364 379 383 384 390 391
256 265 267 312 316 342 353 360 3891 408 456 463 490 515 550 675 811 814
396 416 417 430431 445 450 452 457( 833 Γ 11 71 92 138 177 231 255 262
470 472 ζ 62105106108131 1331531 284 297 312 319 348 367 (515) 371 386
164 1691711781851941515) 258266 388 410 411 415 417 Δ 2 23 27 30
277281 285 307 η4 782103122125, 39 58 77 81 90 95 166 173 184 201
171 199 220 231 243 253 269 314 315 215 277 278 306 314 367 400 425 455
333 342 6 94 146 170 185 235 2541 466 478 493 529 541 Ε 8 9 1068 118
270 300 304 328 347 363 364 396 405( 139 195 205 212 248 249 259 295300
413 426 453 455 506527 533 549 5551 304 306 307 315 359 365 391 437
570 ι 26 70 124 131 201 203 269 2721 567 635 664 670 709 741 890 896 897
287 302 317 318 365 366 368 370 3721 Ζ 24 43 108 117127128142147 151
385 389 390 424 459 506 515 κ 3 91 168193 203207 337 338341405410
1019 3783109 153 212 234 247 2541 421 430 Η 25 41 48 64 81(513) 154
273 282 289 296 305 (515) 306309 311 157 178201 259 261 271 478 Θ4 26
314 316 317 329 355 365 376 397 400( 40 48 103 104 (515) 122129143163203
429455 481 484 507 542 552 559 4591 204 246 272 301 310314 322 328 329
64 66 101 112 126 134 137 145 149 412 454 460 481 504521 554 559(515)
174 177 182 207 230 285 324 374404 164243 57 90135 141 142144149
440 448 453 454 487 494 530 537 56311 190 236 239 262 (bis) 277 283 284 286
570 578 605 609 622 626 μ 33 38 53581 291 300 355 362 364367 376 378(515)
74 90 99 114118 139 163 232 245 3451 398 414 415 438 470 480 483 497 506
317 382 387 422 438 447 452 ν 27 34( 510 581 593 594 601 604 611 635 638

96 100 109 132 135 141 152 1581671 640 641 654 1410178594 152 226 245

205 221 239 244 270 302 324 337 349( 257 261 304 314 345 362 394 407 (bis)

381 387 401 405 419 433 434 436437 435 438 452 471 473 477 534 559 Λ 29
ξ31 34 39 87 89 (bis) 99 126 150152( 34 39 98 151 156 174 176 233 252 331
155 188 222 280 297 300314 320342 388 394 409 415 41711518) 458494 495
371 381 382 398 427 449506 0 27 34 526 550561 606 709 711 718 722 767
3957818395 117 128 163 204 223 794801802 Μ43 46 71 149176186
267 302 365 370 402412 428449 4651 285 300 348 396 405 410 412 416 449
506 540 546(7) 546 π 15 16 34 38 57ζ Ν 21 32 140 176 181 193204 244251
66 67 178 230 274 279 281 297 2991 282 283 321 387 394409 439 458 467
326347 360 391 405 418 468470 ρ 11 473 544 562 605 616 658 663 707 733
19 25 39 55 65 82 110 148 189195 772 797 805814 826 Ξ23 25 38 79
243 261 266 270 279 318 418482 5481 95 108 122 124 142 158 161 195 235
556559 σ18 28 46 57 68 72 93 103( 238 239 253 267 336 376420 435 438
166 189 283 344 358 400 τ46 99 201( 08 153 162 178 212275 283 421 442
236 247 302 353 369 396 398404 449( 452 464 465 494 529551 607 625 627
471 472482 495 516 548 570 577 v 13Ὶ 632 635 636 649 650669 686 Π 1034
3034 4893133162 173 193 204 252 36 40 43 44 87 90 96 109 129 147
254263 287326 375 φ941 5075 94, 162 163 185 225 242 290348 389 392
113 114 146 161 169194201237259 410414 435 444 470 509 517 519 529
307 338 361 383396 χ711184483( 580 622 634 652 671 681 725 769792
126166 179 209 305 306 312330 338, 800 801 804 826 836 850 851 Ρ 7 32
344347 348 386 481 489 ψ46 51 72( 44 55 64 79 94 102 105 112 135 136
85 93 122 144 148 155 184(515) 273 173 210 213 229230 232 234252 264
281 284369 ω 37 45 58 65 99 114175 302321 392(515) 393 395 414 420437
200 201 239 248 275 308 318 320 333( 495 515 523 536 576 599 695 (515) 696
,341 370401402439 Α 104 1341371 744 750 Σ 37 61 66 73106176178

139 144162 176 181 184 188 200 208( 201 205 234 320 321 326 338 339 375

 

