765 τε. ’766

161(bis) 246 246 222 24606) 961: 416 440 449 26 66 466464 266046)
(644) 664 χ466 446 666 666046) 266 244246 246246 114⁷ 151 994
916 301 018 266664 466 A 26 426 266 6 66 446 466 466464 466446466
246 0644 εἰ) 264 1965] 664 (646) 466 6664 64 226 266 264 246 426 466 666
6146 466466 226 431501506 611 4660) 466446 266 646 466642444
(644) 644 646 664 666 644 646 664 444 262 646466 466 466 464 666 μ 66
642 664 466 666 666 669 1114 66 462 446 244 246 664 626626 466
444 466666 444 464 4159395 445 450 446 64 462 264 666 6466
2 64 466 642044 666 666 666466 46 66 (615) 464462 [464] 626644 666
666 z 111 991 266044) 466 644 464646 4 46 26 66 464 446 246 246
466(6is)11101 106(bis)916311 bis 999 336 366 396 436 490 531 5 6(1) .
6466666 666 664 644 664 466 46 466444 462644 666644424 96
190 933 242644 11 46044) 466 664 66 464 464 446 266 666664 566 604
466464 591 553 466 66 446 466 65968131251 5119194111310
464 464 666 644 664 444664 (44 6266664444422442466466246
=’= eaeque) 560 662 664 464 464 646 666 646 14⁷8 461 09 11 51 314
119 M106140146156((5'—961 365 416 434 464A151 161 196 909
-1 τ’) 626 44466 462 666 246046) 266464 499 544 666 426 446 246
262 664 264046) 426 6444662 264 266666 644 666646666 1111

55204163 562 71224 299 417 526 117 167 226 297 319 335 Δ49 68 85

560 650 670 660 791 Ρ14 282335 89 291 456 Ε 152 160 169 296 426
(τ’ ἠδ’ quod vid.) 455 534 (τ’ ἠδὲ quod 446 542 628 742 862 Ζ 8 79 328 373
vid.) Σ 48 77 229 275 294 384 (ter) Η 65 128 199 265 288 300 457 85
423064) 450 540 586 Τ 7064) 84 49 123 132 2330) 315 326 340 479
138 298 640 58 238 502 (647 τ’ = 1385 395 443 498 636 11224 (τε-καί
eaeque) Φ 3560416) 408 486 Χ 2 τε) 226 (τε-6444) Λ1037 182 221
75 ((τε-τε-)τ’) 128 433 Ψ 115 807 Μ 144 Ν ll 323 342 693 816
446 (6644446 44 δόχμιά τ’) 266 646 :6164 960 399 64244466 446 444
τῶ τ’1) 363 380 436 546 790 Ω 36 202 234 350 390 396 510 707 1163
4164 -4461)127(516) 2860216) 503 136 251 366 373 456 457 458 583
662 626044) (444. 1⁸- τ’) 646 646 666 644 615 116 226 264 246 (τε -
753 [790]. τε καὶ) 476 Σ 55 341 386 425 436478
θ’ 0300 γ144 084 112(θ’ -καὶ- 609 Τ101 373 411 Τ56 242 360 457
θ’) 381 390 424 429 470 478 574 Φ 78 96 108 404 546 559 Χ 74 167
[783] η44 150 054 61 99 114 164 307 340427 Ψ 106 259 307 578 664
’ 551 477 11 123 506 540 4132 259 728 777 881 Ω 8 58 70 103 160245
469 μ292 402 ν 306 ξ173 6348 516 536 624 696.
(2363 6361 4219 421 χ464 0279 τὲ-τεΓ172. ’
626624 626 666 44 44 266666 A 99 16 - τε 444 (conf. τε 444) a 946 γ 451
480 604 0506 625 649 770 775 0103112135 224 293 2289 ξ 75
Γ 147 277 Δ27137 6616 707851 206 6418 44123 158 τ 131 A 339
Ζ58 Η 316 437 8403 417 1558 -340 Δ 52 Ρ218.
Λ 58 (τ’-καὶ-θ’) 164 Ν92 792 τε-τ’ 7314 0198 255 v{1181 427
039 144 702 Π503 Ρ52 92 493 57447841ομ152ξ25661146404
· 513 Σ49 Τ311 2238 Χ470 Ψ260 1105 9381 χ2158404 6264 4113
363467 96 76 258 304. 372 Β340 842 Γ 26 800) 6449 516
τε -τε (conf. τε- τε καὶ, τε-τε-καὶ, 1526 11305 ’4723317 765 Ρ496Σ 107
τε-τε 764, τε-τε-ἰδὲ, 6ς 19— ὅς τε) 1166 X 50 Ψ 673.
628145165191242258266301310 vl- τ’ 1 77 Γ220.
338675 181-182074 τε-οὐδέ τε) 188 τε-τ’ —9017499 670-71 Ν 490,
272 281 304 339 374 (ἕνδεκάτητεδυω- τε-θ’ 7349 395 492 6456 η184 Ι
δεκάτη τε) 378 γ28 199 274 322 389 228 44513-514 6427 φ273 41443
47179 208224237 267 346 415 422 541 Ζ465 1111 Ν313 156 (τε *- θ’
588 644 671 845 488 170 229 268 405Ι - τ’ -— καὶ) 770 (49 — θ’ — τ’ -

 

