561 ξεινοσύνης- ὁ. 562

318 1, 338 350 054 3357 9145015221 ξεστοῖσι γ 406 06 33 408 Σ 504 ξε-
586 σ38 223 401 327 39 239 0131 στοῖσιν κ 211 [2631.ι

333330 φ 13 333314 334434 ψ 33 ⁸ 5333313333.) 1330.
33104114 Δ 377 387 Ζ 215 224 Ν 6611 ξεστῶν τ 566.
0532 Φ 42. 9 ξεστὴν3138 65431174 κ[370]ο137

ξείνοιοα405 612544973040 ξεί· 393.
3393313333. Ι 33331391333343311.

4333 a 106 3303 343 31133 3433113333 ν 199.
3 1ο ξ 414 ρ 343443 3343 3 3331 1334003133 33341391 31334945

33333 3130 1130 133 130 333 3 431 14313 3 341 344·
133 403 3 43 33 ξ 33 3 33 34 3433333301 Φ 943.

3 30 33 310 33 33 34 333333 3331 11334333 Φ 345 949.
344 334 3 333 413 430 3 34 131 3131331393 13393 340 3 433 ο 113.

313330333433333333130. 1131139414113119191153.
433333133133314143 3331333 143111114οΛ14003101439 ξίφει
333 3333 333 333 43333343 3 143 Ε 334 Λ 109 Π 333 1’415-
159195408653801460266366 ξίφοςβ33308340641643003126

333333 3113 131 9133330433333 301 194 ⁵3⁵ 143 91 ξ 519 π 80

3113133333 3104 313 333 303 3115 334119 341431 3333 4194
395 350 509 599 υ 199 996 χ 27 210 220 Β45 Γ 18 334 361 Δ 530

3339131 3 331303 3133 1 333303 11303 11361 319 M 199 Ν 310

3133333 431 3333 v 333 343 ξ 33 496 11135 Τ 313 1134 0116·

402 0390 1344 5185 051 357 τ 991 ξιφέεσσι Π 337 ξιφέεσσ’(ι) ΗΞ73 Ρ53Ο
124 560 υ 166 178 15251, ξίφεσινχ443 33527 Ν 147 3326 0278

666616. 313 33 333 3331.
ξ

33333133 3133303333103 3133 39133 Ψ 391. ρ
3333 379 Ζ231, ξολοι Φ 364 accus. ξυλοι γ 429 6436

33333 3 33 3333 330 ξ 331443 3103 1410 3333 3300 304 3131 0301
3 134 331 331 3333 3333 3334. 541 Σ 341 0119·

ξ

ξείνοισι α 313 ξείνοισιν y 360 ι271 2346410101ῃὸ ‘1415 P573·

³ 1433 3333333334 4333, 1 43133303333133131133311161-
13333333 3430333 3301 133 34333419» 403 19100101·

1 3103 3313 3 333 313 333 3313990049 4134·
Ω 202, - ,υνηιοι (τεοχειι) Ψ 809.

. 3331313333. 433333 Σ 903.

. ξεινοσύνηςφῶ. ¹ ξνν6ν (3113.) Π 262.
ξον310193.

ξενίῃ ιο 286 314. ξυροῦ K 173·

3 31333314 143 43333344334330
³ 6311011413) ξ 389· ξυ3τὸν 0677. ·
1331313133οξ 130 3155 v 230· 43333333 A 666 N 433 ο 333.
ξερὸν ε 402. 33331 453.
ξεστοῖο Ζ 244 248. ἔξνσ’(ε) Ξ 179.
433333 3 33 1 33 0 333 13339 3 3331 3333333 3443.

0.

ὁ (1601. demonstr.) 3 333 330 333433 131 131 333 333 Α 310 3130 3 433
3 111 131 430 433 430 3133 3101 33131 334333 30333333 333333
251 366 641 330 3333 3433 1333 330 3133130331 333 433 3334103
591313311333300914413333 333 333 343 330333 303 330 33333
⁶ 26 66 34 401 333 3314 434 ψ 33 330 4333 131333 3330 313133

⁰⁰ 387Α33 35 380 4623278Γ 109 526Χ 25 33 37 7711414966332236

 

