265 Ἑκάβη - Ἑκαμήδη. . 266

91143191197933979313374495 443432342433034443243228
43848334324 82434 4830440244 34882428483330484402384
248 230234 288334 3430443) 332 330 484 248 284 ψ 38 A 904 233 384
388 444 483 338 84 90 910 931 933 9957739341319379 9953
333 343 438 480480 3844 404 420 408483 44408033448444308
483 438 234 280 283388 3 4 43 44 320333 9:913 232234 0332 44233
33 80 238 284 443 303 333 v 8 82 4384423388 44 0353 34424288,
38404 444300 338 33 448 483 430 843 33 430 488 204 238 343408
2342380420χ2383440348433444 9997 80438 234384 84433403 ’
484 0133 193 199 949 370 3843 443488 443 304 343404 448 430
33 159 905 935 394 970 440 499 501 838 350 939 499 488 444 595
534433194939343339433437‘ 37 930979 945 435 539 4407
438433 493 933 4088 131 143197 3423444 484434 83434488438
334 823 834 888 830 444 448 808 844 395 335 13035537139 909 379
4443 442 224 243 233 323 384428 434 3443888 443 482 443 224
438 403 448 243434 483 323 320 284 303 304 33834833 400442
334 9444 34 157 907 934 317 343 480388 38 403 434 483 444 482
403483 344348 382 820 843 834 884 288 433 σ 484 224 3 38 33 444 223
834 833 884 838 z 49 438 488 208 311 434 334 338 388 3 24 403 432
344443 444 480304 348323 4443 348 488303333 343388 χ443
448444482334 438484 480 038 434 402 244 238 303 9 48 48 22 448
440 243 234 208 320403 444 303 304 224 284 3 44 33 488 283 304340
343 344 343 480 448 233 330343 388 448483 48240488323334
344343 344 433 483488 344822 844 384 9 44 84 230 432 830 840 832
440 43 88 404 440 248 334 338 304 357339799499339354434140
334 Λ 4 82 408 428 130159133(5is) 443 202 440 44 44 440 484 483 282
134(ter)997 233 343 384 338 443 330 234 322 383 384 443 434 342 833
380 334 842 823 883 844 838 432488 423 483 448 840 834 9 103 103
844844 M 93 43 42 443 423443 430 234 4448 444 323 380383 422 8 48
433480 430 933395179339 173 911 91 50 75 199 930 995 304 314 333
233304 884384 433 308343 323344 440 482 304 482 408 488 222 438
338 832 833 448 :919 88 430 430 444 484388 342 4 438 482 288 443 343
488428 484303 04888 424 440 4335494119175911933303
137 573 301 393 341 330331 700 714 384 382824 0131 934 4443 44
4438 44 84 440422 444 228 284 233 33 44 838 [448] 448 793 9:113 154
mmmmmmfflmm mmmmwmmml
504 340 333 373 731 314 353 9101 530 17 13 955 288 344 348 382428
488204 233 234288 330 432 484 384 . 749 739 339 483 234 348 848 444
388844 844 824 833400 448 433 428 443 Σ 204 333 338 4 44 403 444
43 404 (bis) 432 208 208 240 232 243 4 14 91 107 919 449 431 0 157
304344 390 353 491 439 445 480 432 193917 233 333 340 343 4 150
79773113191943945990375337 159 190 ἶ434 48 83 42224 332
391 482 408 423 434 907 300 350 459 439 393 333 343 733. ·

344 440 483 484 097 35 33 43 591 433442 34344384.
. 442 448444 434 443 480488 200 2434 33 ε 333 ρ 513'9 335.

943 248 244 342 422 344 343 4 8844423333, z 993 4284 430 44 283 747.
48448 175 280382 937 397 393 4441 Ἑκάβης z 451 44 448 Ἑκάβην 34 193.
479 493 911913713991934735392345504 0393 Α 448 48 438 4 384
384 384 444 308 303 333 888 833 8806 0243 233 1794 408 44383] 0484
83448 238234 288 240243 288323 448 800 x 990.

408333 844 844 403 443 443. . ἑκάεργον 4147474913257411340479

443 220 β 484 302 7374‘3 311 310 4 43.

3484 1954 η 40 (bis) 330 9194 991 ¹ 333843 ρ 23 9 453 44 448 44 834.

438 3 83 408 280 348330 334 4 2441443333οη Α 824 9⁴3.

 

