399 ἱπποσύνῃ ·- ἴστε. 400

122179 314564 1127269 3407· 533 536 571 1114 279 350 362440
473 474 477 481 491 520 558 568 471 576 690 697.

A 159 339 525 597 615 699 708 1ππ699νο515 λ 531.

Μ 50 96 Ν31 68411 ’““299 307 0452 ἱπποσύνῃ A 303 A 503 Π809 Ψ 289
Π 367 370 375 380 383 393 833 ἱπποσυνάωνιο4οΠ776ιπποσύναςΨ307.
866 Ρ426 644 Σ 153 223 Y221 ιππότα y 68 102 210 253 386 397 405
394 489 498 Χ162 464 Ψ242 276 417 474 ὃ 161 3336 433 601 628
279 303 309 311 321373 376 377 Δ 317 Ε 126 Η170 9112151 152
392 435 459 475 480 487 500 530 162 179 3102128138143 157 168
550 578 Ω 326. 203 543 Λ516 655 352 117 Π 33
ἴππτονι49 ξ267278 9150164 9436 Ψ89. ’
9263 3466 762 Γ 265 A 142 391 Ἰπποτιῖσηςκ 2.

500 Ε 19 46 102 111 163 202 227 Ἱπποτάδαο τι 36.

249 255 263 267 328 504 640 835 Ἱπποτίωνος Ν 792.

851 Z18 232 511 Η 15 16 240 883 Ἱπποτίωνα 3 514.

100 121 128 134 214 319 492 I 407” ιππουρις Τ 382.

Κ 338 402 513 529 535 A 94 109 ἴππονρινχ124 Γ337 Ζ495 A 42 [481]
143 152 179 320 423 702 Μ 82 Π138.

Ν 385 3928 ι.. 435 0268 386 454 ἴψεται Β 193.

Π343 485 733 739 749 755 794810 ἴψαο A 454 Π 237.

Ρ175 400476 480740 Σ 531 2157 ἴρεὺςο. 9. v. ἱερεύς.

326 401 461 Φ 16 Ψ508 582 584 ιρεύω v 99119969)

Ω 51 286 356459 4691911νὶ 150 292.

ἴπποισιδ8 9117 11366 Λ198 0260 ἴρηξ ξν86 Ν62 Σ616.

679 11684 Ψ8 319 375 405 638 ἴρηκος Φ494 79191ιο237 Π 582.
51442 ἵπποισιν δ 533 3383 A 297 ἴρηκεςεὸὃ ἴρήκωνΝ 819.

9199 119191 9191 1994 11999 19139911

Μ 114 119 3456 Σ 237 7399 Ψ286 ἴρισσιν A 27.
390402442ιππ91ςΠ154Ρ460Ψ372 Ιρις Β 786 790 795 Γ 121 129 E 353
400 504. 365 368 8409 425 A 195 199 210
ἴππονς γ 369 475 478 492 3 28 35 O 168 172 200 Σ 166 183 196 202
39 590601 9380 94681 145190 Ψ 198 201 Ω 77 8795159 188.

205 215 φ 22 30 ψ 244 A 154 ἾρινΘ398Λ185 05514415751117
3554 Γ 113 260 263 Δ 226 302 143 Ἶρι 8399 A 186 0158 206
Ε 25 165 183 236 240 261 269 Σ182 52144.

275 321 323 329 358 359 363 368 ἱρὸν (995911)1196ς v. s v ἱερόν 91ἱερός.
581 651 720 732 748752 755768 Ιροςσ25 38 73 96 239.

775 829 841 Η 342 849 86 113 117 Ἴρονσ233 334 Ἴριοσ56 75 Ιρον 96
139 157 168 254 257 290 348 374 333 [3931

382 392 396 402 416 432433 438 ἴςφ 283.

440 503 543 1123265708 K 305 ἴςβ409ι711393μ175ν276π-476
322 392 436 464480 498 527530 (leffium 60405 1186 9101 130
537 545 550557 564 567 Λ48 127 χ354 Λ668 Μ320 0383 Ρ739
192 207 280 289 488 497 513 519 0356 Ψ720 ἴνα Ρ522 ἴν’(α)ι538
528 531 620 680 718 738 756 760 Ε· 245 Η 269.

Μ 62 76 85 111 120124 Ν 34 396 ἴνες1219 ἴνεσιν Ψ 191.

400535 819 Ξ 429 0119 259 354 1σάζουσ’(α) Μ 435.

385447 457680 Π145 148 167 506 ἰσάσκετο Ω 607.

712 724 728 732 Ρ76 465 496 501 Ἴσανδρον Ζ 197 203.

614 624 699 Σ 244 280 Τ 244 281 ¹ ἴσθμιον σ 300.

392424 9488 Φ 132 521 Ψ7 ll ihxova'(a) 3 279.

13 27 131 171 260231 294 301 322 ἴσκοντες A 799 Π 41.

334 341 351357 398 407 423426 ἴσκε τ 203.

449 450 458 496498 513 514 516 ἴσκεν χ 31

 

