035

333 450 513 531 537 043 15101
105 150 170 175 303 104101111
330 334 111111 535 530 540550
A 11 13 15 33 40 54 131 111111
141-111 111 111 411441 450 ρ 4
1101 145 111 111 1000111111
144155 373400407 01 01 11 101
111 111 111 111 141 111144155
A 191 110 111 111 110141144140
150 111 111 115 110 111401411
411 411 514 001 v 13 105411
100 111110 01 11 11 111411
11 50 54 [00] 140110 111 151415
410 χ 11 1151 1111 101 141111
101 404 0115 11 101 101111
111100101141101 ω 104 100 101
110 111 111 114 115 111111140
411 A 73 79 104111100151 110
111 111 115 144111511 15114
110 115 111 111 155100111 401
411515510005015111111 1100
115 101 111111 111 141111115
111 A 91 133 153 111101115154
357 390 455 453 473 414 411 500
011 11411011 14 51 111 110
115 100101 115 110 111 105 411
433 437 440 004 010 011 014 015
wwoemzmaewwm
11101 157159177 193 194 303
351 353 374 331 339 315 399 405
400 1110 141 140154110 111 151·

· 371 Θ48122129 190 216 246 314

111111111101 111411 1111 1411
150151 110 144 114 115 1141141
110110 514 510 511 001011 14 1οῑ
’11 11 110111111 115110 1111
151101 110 104 111 401011) 4111
A 10 11 11 14 1110 111 111 111ἰ
145 100 100 111 111 353 353 411

006ος - 0054.

035

331 343 400 501 011 511 051 011
115 115 140 111 100 101104110
111 1144 51 11 1111 111 115
111110 111 111 111 101114401
410 411 511 554 501 510511511
511511 041 055 015 01οῚ011 Σ 10
01 141 105 110 110 111 114 401
411 441 444 400 400 01001-1011
111011 114 101 104141 151
111 141105 100 101 101 1015
111 140 101 111 111 111111110
141 400 410411 410411 0 04 111
111 145 114 110111 111111 401
411 510 541 5411511) 551 501510
511 510511 1111114 131 303 304
319 393 395 307 439 443 470 439
1111 141 111 111101104111 334
337 1101110011) 110 397 500510
511 540 545 551 550 500501504
511 014 011 011 105 111114 005
11 11 10 44 51 51 11 15 15 111
141 151 151 114 111 11115141 413
414 433 453 457 479 514511 533.
11 1111 11114.
111111101151111414111
1111 0 501.
1 ρ 11101001) χ 410 A 497 11101
(10001) 0141514 155110004111101.
1011141401555110111151 1111
1110 (αο001) 1401 4110 0117 355
55151451 ρ 141554 1110 φ 101
χ410 0111 A 335 510 1 11 111
1401 A 534 541 11111 011 015
100 z 34 511 1115 1101110111
1 155 111 1145 A 349 437 M 300
3:113 0353 333 533 11450 014
3119 110 111 0511 1441 143
173 111414 11111 011105 54 314

453 [543] 604 626 705 788 789 792106111ος ι 242 Μ 448.

795 809 847 Μ 50 103 174 229 3341
337 ’350 351 363 371 396 407 4505
Ν 21 168 181 210 211 246 280 2821
1 317 394 409 416 420 439 440458
474 491 517 536 544 557 561 5523

0005· 7 459 Ψ 283 06614 Ε 734 Η 145
0115 A 144 11111 1401 11011
1411511 111 1111111511 0334
9375 4 135 4 440 v 395 χ 101401
ψ 40 A 749 3457 101400 14110.

570 574 500 505 315 543 351 555 0505 0 51 0115111 y 134 137 5155
, 015 110 105 111 333 93 133 1141 111 414 511 510 ε 11 110111 9175
141 153 151 155 1111111151111 ι 110110 4114111 1110 111415 ¹

232 253 403 406 407 420430 435? 452 μ77 83 ν 86 188 393 ξ142363
438 075111 156 178183225232 392 0 213 515 75 243 ρ 104234 03
·;349 403 421 442 450 451 452 463 14740114211φ15οχ221426ψ218
464 465 496 529 532 534 540584 273 308 0141 107 292 A 132170173
596 607 610 613 649 686 Π 109 354 536 561 3286 Γ392 11429 6103
139 147 185 222 225 242 244 251 119 252 284 Ζ360 413417 444 8201

 

