833

881 313 133133 135 317 333333
334 333143 131 343 353353 333
353 347 433 535 353 433 745 313
4135 333 443 433 133 313 331 584
33313 313 353 334 335 314317
333 3 33 173 314 344353 331433
433437 ι 17 40 48 173 185 333 377
333 333 313 337 335 345 333333
375 333 433 433 444 437 433 513
413 53 37 133 131 134 133 133
333331 333331 347 433 433543
581 4 34 55 58 33 37 34 333 334
333 335 433 533 513 517 545 535
μ 35 35 135 143 808 818 888 387
480 438 448 ν 31 335 333 337 333
333333 ξ 33 134 151 334353 373
331 335 378 381 480 501 0185178
811 330 480 481 500 515 540 75 33
83103 170 805 888 310 ρ 54 33
133 141 373 374 333 413 433 531
533 313 333 317 333 t 18 44 137

151 169 194 241 255 270 363 407

412 501 541 548 v 47 263 296 326
334105113113153337374 χ154
171318 351 367 377 ψ 189 192265
357 359 ω 123 216 271 321 307
1126 29 111 117 137 152 167 180
183184 260269 324386 577 ιΒ 139
231 248 378 488 Γ 207 290 Δ 40
43 54 58 163 413 Ε 201 215 227
377 652 802 809 893 Ζ98 113 141
221 224 280335 341447 H 81 193
286 296 361 452 Θ 23 27 286 366
375 477 533 Ι 26 48 105 147 167
262 325 342 352 417 [458] 475 488
527 704 K 54 125 243 292 294324
427 A 317 443 663 672 742 743 767
781 Μ 75 368 Ν 752 ,1144113193
235 237 252 267 343 359 370 045
70 72 234 260 294 665 Π 83 129
239 423 498 Ρ29 39 221 480 Σ54
57 81 115 125 142 297 409 438 Τ 23
30 67 86 218 261 288 Τ22 191 205
314 360 371 434 Φ 108 129 187
226 290 334 358 370 373 446 482
498556 Χ 103 123 334365 390 428
431477 479 485 Ψ 207 245 275 279

1 553 559 647 724 796 807 3453110

117 172 212 244 255 370 391 396
399 435 437 460 462 493 504 595 732.
ἕγώνμ 156 ξ 145 471 σ 19 64 760
Π 433 Ρ 91 Σ 120 Τ 134 Φ 553
7199 Ω 487.

ἐγών.

234

357 3333 437433 571 3130 174
353 4133 η 337 3343 534 188 88
171 885 380 531 8 14 35 133 145
133 335 858 873 313 8 133137 408
588 558 018 085 088 μ 3 33 144
153 334 343313 883 388 v 147 878
314 333413 ξ 133353 434 0 150
878 440 470 484 504 n 70 38 188
858 311 ρ 3 53 131 133 848 5368
7 104 135 508 584 χ 333 433 ψ 33
78180 3 313 445 A 73 337 510
548 8 73 377 881 Γ 133 108 305
410 A 800 318 13 333 445 473 808
888 7805 44 53 101837 810 538
4108 314 71343 Λ 433447 34735
335 ,33 105 374 088 180 348 P175
180 T 33 33 143137 133 8 808
337 3 341 343 411 Ψ 344 415 458

579 602.

ἐμεῖο 7347 δ 145 170 ε 287 171

π 108 875 ρ 153 t 808 848 φ 134
315344 A 174 858 801 341 787108
4 384 848 3 314 z 844 350 308
0148 104 4848 K 884 444 Λ 331
0000144807011834'31210
133 8187 44 118135481 >4100
8108 847 008 4444 333 374 333 438.

ἐμέο K 124.
ἐμεῦ α 313 6746 6462 0538 943

165 3268 4 93 311 325 A 88 453
541 Ε 896 1335 426 494 Π 497
Τ62105 273 8348 Φ398 X 236
454 8788 84 429.

μευ β 25 161 229262 47370 762 ε 170

311 ζ239 324325 420 4[188”1311
400 455 481 485 μ 271 340 379
3172 318467 π 92 259 3370 397
468 043 129 351 υ 292 4368 275
χ357 444230 ω 265 443 454 A 37
273451 Γ86 304456 Ε 115 Ζ334
Η 67 235 348 [368] 05497 1262
345 355 K 278 Ν 626 Ρ29 7101
137 Φ 150 Ψ70 648.

ἐμέθεν δ 592 ζ 289 θ 241431 44 439

σ273799ψ78114 3152532663
Ε 653 7456 0213 Τ217 Φ 217

Ω 133.

ἐμοὶ α 359 β 209227 ὃ 153 481 538

3188 ι 366 41406 [4751496 1353
423 ξ 338 441 3152342359 44 74
3389 σ180 4488 34213353 5801
ω 306 435 A 174 295 Δ 63 263 Ε 832
0190 A 366 Ρ232 562 Τ57 209

73633388 212303 397 β133 194 2941 305 8453 Φ 439 7142 256 Ω. 68.

 

