557 νυμφίαν - νύσσα. 558

νύμφῃς6557ε61401431560 νύμφῃ K 53 117 124 173 175 192 280 284
α 86 ε 30 νύμφην 1 447 10333. 291 329 406 424 442 449 Λ 142 218
νύμφα ὃ 743 Γ 130. 277362 363 367388 609 611 652 790
νύμφαι ζ105 ι 154 138 μ 132 ν 107 Μ 215 271 315 326 383 429 Ν 77 98
z 410 νυμφάων ζ 113 v 104 [340] 101 111 1301111453 403 010 111 113
ρ 211 Y 8 Ω 616 νυμφέων μ 318 784 828 Ξ5 48 72 95 107 139 198
νύμφῃσι ν350 ξ435 νύμφῃς ν355 219234262271309 328 331 357 508
νύμφας Σ 492 νύμφαι ν 356 0240. 0 36 54 61 99 110115 131 138 211
νυμφίου Ψ 223. 221 254 258 292 493 502719 725 Π 73
νυμφίον η 65. 112 207 238 422 492 494 516 538 556
ναν K 105 Ψ 485. 667 749 844 Ρ 34 75 144 153 154
νῦν α 35 43 82 166 182 194 200 219 156 173 206 227 336 478 588 622 652
234 241 255 271 309 315 369 β 25 670 672 710 Σ 88 101 111 114 121
28 48 79 124 161 176 229 239 281 314 140255 261 267 290 293 298 333 406 .
γ17 43 69 92 101 209 243323 359 366 408 435 457 Τ 23 67 108 148 203
632 148 151 166 193 209 238322 331 206 258 275 289 319 323 408 Τ 18
395 587 685 727 765 817 829 ε 18 29 89 195 210 287 297 307 350 354
112 129 148 184 205 302 305 312 335 449 450 454 Φ 80 82 92 103 122155
377 448 ζ 172 191 207 243 255 325 160 281 315 399 428 458 475 481 533
068 188 θ 100 142 156 182 202 222 Χ 16 18 46 104 126 172216 219 222
241 330 443 465 548 ι 16 172 264 235 243 252 268271 285 300 303 358
356 452 495 515 ιι 43 320 402 457 391 436 482 505 508 Ψ 48 150 158
463 472 489 548 1 66 160 251 441 274 333 406 463 492 552 587 602 604
449 485 μ 213 291 298 ν 131149 178 618 643 787 ,Ω 35 208 223 401 501
207 257 303 324 357 364 ξ 80 158 560 568 601 614 635 641 685 757 765
174 193 213 371 393 407 462489 493 778.
503 506 512 0 65 180 209 268 269 νύξ 0 429574 ε 294 ι69 μ315 Η 433.
307 346 371 391 431 440 503 520 542 νὺξ ῃ 283 A 19 330373 ν 269 ξ 457
π 25 65 121 142 168 200 222 233 270 475 0 272 1515 Β 387 Ε 310 659
431 ρ 155 190 217 245 318 444 456 Η 282 293 0488 I 78 474 K 201
460 524 566 569 σ 30 55 79 105 123 251252 Λ 356 Ν 580 Ξ 78 259 439
203 217223 236 239 256 268 271 403 Σ 267 Χ 466.
120 66 81 82 115 129 157 169 215 νυκτός 186 ν 278 νυκτὸς 6 841 μ312
253 263 303 357 369 373 378403 483 ξ 483 Γ 11 Λ 173 0324 Χ 28 317.
532 549 572 576 584 063 115 119 νυκτὶ ῃ 253 1606 μ291 447 ξ314
135 178 200 211 230 262 333 φ 107 0 34 υ 88 351 362 0372 1147 Ε 23
157 258 279 428 χ6 28 29 41 54 62 Η 282 293 0502 529 Ι 65 Μ 463
,65 78 134 195 231 251 437 491 ψ20 Ν425 Ξ261 Σ 251.
49 54 115 213 225 354 o> 34 84 186 νύκταγ 151 ε 466 ι 143 404 μ 284
214 260 329 353 443 454 461 Α 27 0850 τ66 χ 195 ψ243 Β 57 8506
59 91 109 127 141 169 232 237 272 0486 510 114183101 142 188 276
354 407 417 421 445 455 456 506 522 297 312386 394 399468 Ξ 80 Σ 274
555 Β 12 26 29 63 66 82 114 163 Ω 363 366 653 νύκτ’γ490 040188
179193 239242254 274 284 330 3811 ιι 367 K 497 Π 567 νύχθ’ Χ 102.
435 484 681 Γ 67 97 134 234 241ζ νύκτσςλ 183 ν 338 ξ93 0392 ιι 39.
367403 405 415 432 439 446 Δ 12 1791 νυκτῶν μ 286. ‚
321 347 362 Ε 117 124 129 226 2791 νύκτας β 105 345ε154 388 ῃ 102ι74
304 362 410 423 457 475 604791 822 ιι 11 28 80 142 0 476 ρ 515 τ 150
834‘881 Ζ 68 125 224 308 337 340 340341 085 1063140 15490 I 325
352354 431 Η 29 74 98 115 129171 470 Σ 340 Χ 432 Ψ186 Ω 73 745.
226 290 329 351 370 400 0 141 163 νυὸν Γ 49.

186 192 234 370 374 498 500 502 524 νυοίγ451 00010166 νυοὺςΧ 65.
541 121 65 105 111 118 227 259 304 Νυσήιον Ζ 133.
344 356 380 426 519 628 638 700 705 νύσσα Ψ 332.

 

