563

676 653 ζ120, 7113130175 7791
’ 121214 7313 μ255 7113201 77325
7133 565567 ψ 14 Α 261485 6207
686 Η 169 Μ 171 199 261 263 Ν 88
315 Ξ 37 0360710 Ρ340 394 735
746 Σ 2090) Φ6391 Χ 70 54141 804.
οἳ α 24 (bis) 33 106 110 111 126 144
149 277 325 339 381 421 β 8 55
168 196 258 323 367 397 414 74
9 10 34 65 139 149 153 162 337
396430 453470 477 486 71115 39

· 43 67 218 249 302 353 620 622 ,

664 633 673 673 s 200 7 64 76
η 744 764666 666 376 366334
6 77 766 767 766766 776 634 663
367 333 376 363 476 464 666 667
ι 67 763 776 367 334 336 336467
466 477 466663 6 3 33 77 103
100 112 773 766 736 773637 636
647 667 666 337 463 463 [476]
7366 333 676 633 μ 36 64 743
777 773 764 666 363 367 333 473
6 7 77 63 47 64 73 776 734 766
734 736 633 636 ξ 66 36666666
663 664 376 466 473 463 466 6746
766 734 736 734 666 437 466463
474 433 466 646 663 55 64 676 367
364 363 336363 467463 473 6 63
766 777 777 736 636 367437 436
466437 634 666 6 36 46 63 66
637 633 643 367 476466 6 737
677 436 636 6 46 766 776 646 666
666663 676 366 347363 6 673
wwmmmmmmm
255 265 263 260 366 366 336473
6 33 46 43747 633 666 363 6 76
67 63 663 666 666367 366 333
334 336 367 476 476 463436 436
4 67 376374 373 436476 436666
6 52 36 34 676 444 446 666 763
766 773 736733 73 76 34 66 777
734 746 764 766 366 346 A 222
252 333 356 360 362 331 446 451
6 74 34 674437 436467 666666
673667636633 6667660366 2106
121 216 422 H 47 66 66 767 766
767 776 736 666373 344376 363
463 474 463 467 443464 626 63
36 76 203212251 336 346 346
476643 663 7 66 6ο 76 67 767
667 436477 666 666 633776 77 736
673 667 636 376 466 476477 666
647 666 Λ 67 76767 766 776773
674 633 416 562 526 616 637767

ὁ.

570 .

3667677) M 6 747676) 43 36 33 763
766 737 747 764767 736 376473
464 446 443 4667676) N 61 135 146

330 487 496 526 538 604673 689
690 699 719 721 7380713) 756 762
764795 Ξ 24 57 133 378 393421
432 0 3 85 271 300 301 323 343
353 367 381 386 387 565 651 684
703 726 Π 1 23 67 78 85 101 156
257 264 354 356373 428 430 462
562 563 575 641 663 Ρ76 233343
363 366 412 424 722 742 753 Σ 1
172 173,174 222 346 368 378 513
516 520 525 527 530 544 585 595
597 599 Τ 45 74 203 277 ΤΙ 13
123 151 153 176 373 Φ 10148 383
467 514 5190713) 537 540 Χ1 145
248 Ψ131213 26 38 54 58114
131 138 200 233 249 362 364372
387417 446 496 539 641 676 717
738 784 813 36 247 265 320 329
330 349 444 610 627 673696 718
719 722 750 782.

τοίη 34 77 214 1311 77 219 6278
υ 390 76271 77 223 Μ 240 0708
2391 Σ522 Φ 608 Ψ 217 54 784.
7616250 68413 418423 75 ζ71
321 646 104 502 505 7 44 7 219
229 255 495 λ 124 ν 76 ξ·16 208
356426 523 6 286 288 552 77127
314 670182 61107202 419 6277
67417 χ 21 118 271 281 307 ω 181
449 464 485 Α447 Β 52149 151 444
Γ 74 78 257 260 Α 3 220 Ε 514
2139 11307417 1588 1198194
275 359 514 541 Λ 337 532 621
Μ 124 251 340 468 Ν 29 358 833
0654 Π 122 294 644 Ρ361 375 607
Σ 546571 Τ 255 356 11254 Ψ202
212 241 369 449847 42 2 687 0)
τῶν 77116 β 51 7313 6104495637

821 3 106 383 ζ176 273 7736 55 ,

6123 204 212 221 392 765 94 77 13
205 (bis) 250393 421 466 470 551
567. μ 49 203 248 387 ξ 105 142
6106275395 517 77133 254 667
383 662 212282 7 564 651 6205
210 348 χ 68 254257 274 298 308
388 ω 18 79 184 534 Α 198 272
Β 91 149 457 459 464 509 512 540
552 563576 586 601 609 618 620
622 623 627 636 650 657 674678
685 698 713 718 731 736 740 758
761 784806 826 830 837 841 842

 

