αὐτός.

388 μ51 162 179 ξ51 102 135
185 096 122 262 528 0197 0354
τ 97 114 244 φ 177 182 249 433
χ38 175 192 218 ω 241 A 47 218
Γ436Δ11Ε92Ζ44611204
1 342 K 204 Λ 38 821 829 845
Ν 27 140 Ξ 428 0307 537Π 405
466 561 Ρ10 397 546 Σ 206 1384
1441 Φ167 527 Ψ312 880.
0166030279 305 β’33 190 γ49 249 305
350 381 638 66 108 134 177 601
642 654 667 822 ε 179 187 235
254 280 ζ 60 329 0527 1421 1693
300 344 518 1134 371 μ422 ν97
ξ292 520 0 168 285 371 514 014
τ 101 196 275 0 88 358 φ54 304
376 398 χ75 80 116 149 214 345
01253 281 ω 21 270 525 Β270 Γ51
333 362 Δ 470 493 504 E [42] 58
64 294 299 450 459 540 884 Z 243
338 Η 216 0219 260 142 249 470
521 547 1125 185 307 474 A 401
460 Ν 73 187 332 495 817 Ξ 359
419 447 457 474 0226 231 353
431449 695 H 12 47 108 550 661
Ρ4 50 131 152 236 291 311 359
407 510 611 677 Σ 133 Τ 178 192
284 416 Υ38 335 395 Φ 248 600
Χ 110 Ψ 66 80 107 126 305 342
381 400 406 682 784 117 292 310
421 666.

αὐτόν α 251 γ22 6244 ε367 0506
1229 257 κ 298 1453 ν 360 ξ 389
π 128 370 388 09345 367 387 494
029 02491117 1680 Λ93 Μ104
Ν 615 Ο 257 604 723 11479 775
Χ 346 Ω 198 430 503 558 αὐτὸν 039
γ460 6 110 118 210247 0170 347
396 472 1205406 κ 285 339 1520
ν 190 ξ 117 331 523 ρ 81 336 373
549 595 τ235 288 0315 φ 196 0198
Α271 463 8263 417 Γ25 90 406
Δ 211 Ζ 18 306 Η 180 337 436
0280 293 537 11242 345 389 Λ 473
577 592 835 Μ 204 Ν 273 331 043
Π279 510601 703 Ρ163 687 Σ 269
15 303 1171 Φ 236 245 318338
344 1166 351 Ψ 292 619 Sl 123
472 569 664.

αὐτώ 6 20 Ν 56 αὐτὼ A 338 Δ 287
Ζ40 000116. 0316111236 Ν 46 H 555
Ρ239 496 αὐτὼ Ε 557 575.

αὐτοί ot 108 β 64 y 11 6785 ζ185
1139 039 ξ141 0219 0282 χ165

120

ω 401 Α 270 1113 11182 146
497 1170 540 Λ525 668 708 Μ 234
Ν 684 Ρ634 644 712 Φ 215 αὐτοὶ
α 33384 11168 368419 γ193 6334
579 0 504 ι 150 231 547 κ 425
1421 μ6180 0125365 ξ346
348 357 415 471 0499 π 356 361
384 ρ 125 0278 1281 429 0110
0299 (0420 11437 487 Γ66 11520
Ζ439 Η 72 332 360 11197 572
Λ49 121 619 M77 272 Ξ129 379
0296 565 652 718 H 562 846 Ρ332
635 713 Σ341 Φ 31 467 ’11311
436 496 699 Ω 526.

αὐτῶν 07 β138 154 η44 55 0583
ι167κ27 259 391 0361 0532163
435 447 Α 461 11424 466 762 Γ301
Δ 237 Ε 256 503 607 H 338 437
11493 A 220 561 Μ 155 1156 68
118 039 H 602 17275 Τ72 Ψ115
0111010ιο109 ξ251 ω 80 A 51 Η 339
438 11472 0366 αὐτοῖσιν α 143
Μ 112 αὐτοῖς 6 683 ξ77 6140 0213
155 Ψ8.

011106ςο574 ι40 178 562 026 1637
0145 225 ν 386 ξ 265 0 433 548
0434 0 182 295 529 11149 Ξ 47
Υ14 Φ 521 11499 αὐτοὺς 6 18 36
43115 A4 1659011333 0243
11343 755 Μ43 64 86 Ν152 556
Ξ 136 H 646 Ρ732 Σ 605 Ψ277.
καύτὸς y 255 Ζ 260 Ν 734.

ωὐτὸς Ε 396,

0610611303 054 ,Λ 633 Π 117 Σ 481
0610511326 0186 ν 118 02690) 11246
440 1349 H 226 504 519 Σ 481.
0660500308 γ4581549ω338Β347.
αὐτοῖσιν 0 290 Λ 699 Φ 491 αὐτοῖς
1542 Χ 513.

αὐτὰ Μ 225.

αὐτή ε 23 ζ 99 253 η 237 16399
ν 323 422 ο 105 τ 104 121 509
ω 479 093 1187 353 ,Ω 210 αὐτὴ
β356 γ62 76 6395 444 0198 230
352 67 73 235 291 0441 125 11196
213457 543 087 390 ν 387 0363
π 170 303 1255 385 482 χ239 A 420
Γ383 Δ132 Ε51 735 Ζ 288 1134
0386 1120 355 Φ397 1159 218608

αὐτῆς α 366 6417 6 131 631 1165
326 η 163 6120 106 1103 [311]
698 301 1166161 334 166 93 316

 

