363 ἥσσων - θάλαμος. 364

8125 88 Α4 11747 0391 1525 8195 Ξ167 239 339 0310 Σ473
Σ 56 437 3330 ἡρώεσσινΒ483 579 Τ368 383 1³13 30 0343 381 Χ316.
. Ν 346 Π 144 7391 Ψ 645 ἥρωας Ἡ8818181811617 9268 270 287297

α 272 φ 299 Μ165 Ν629 0230 327359 8117 ω71 75 3426 1110

, 261 702 ’134 41 ἥρωεςΒῙῙΟ 201¹ 1403 0214 Ρ88 Σ137 191617
⁴ 0133 778. T10 113 0355 367 3533 Ἡφαίστου

ἥσσων 7. 8. 1. ἦκα. Σ 369 Ἥφαιστον 9286 345 A 600
ἡσυχίη 0 22, Σ 143 391 Φ 330 378 Ἥφαιστε Σ 332
8737327777, φ 593¹ Φ 379 Ἥφαιστ’ θ 355 Σ 429 Φ 357.

ἥ τε -ἥ τε et ἥτε - ἥτε 1. s. v, ἤ ἧφι 7 3. 1. ἑός,
ἦτε 01 11181 v, s. 3973331330 H 361.

8888 848 88818 8814481 481 888 347777178ῗέ3 7 333 3233 3773 37272

703 840 ε 297 406 8269 1256 κ 198 N334 0355 590 11769 3313.
496 586 μ277 π 92 (1514 χ68147 ἠχήεντα (m) δ 72,

8188 8848 1188 8488181 11818 mm„ 2 737

8
Ε 774 Θ 14 A 10.

425 571 Χ169 452 31041 12305 521 ἠῶθεν, 277777773817737773ι

535· 888 8 1 8484 481 8888481818 8118
7110114441344144 338 3304 7 ²⁸⁷ 300 81 t 10 181 118881 481 888
81888] 8111105005 1477133313 8144181188841 88141818 v 18
22863200481114389466153 §502 ⁰5056189 (7124283791

113033413103334153 33 3330 8141 A 411 403 1 118 11488 481

884 818 8481 18 481 811 188 333 7737 K 231 28 227 2 37 737γ
1181818 Λ 118 888 1184 Ξ 881 733 733,

0 303 11300 343 304 330 3535 88888184 148 888 8188488 8181

¹ 33073343304350· 811848818848411888
ἠυγένειος 0 450 0375 3103 3 310· 111 188 41188 1811 418 411 888
8048881310 Α 00 T 410 0 003 8888 8188 88 v 84 8418888 818

ἠυκόμοιο 3 453 8300 B 000 Γ 030 1888 401 ζ 81 8111 μ 14 ξ 300
3513 303 370 003 11355 003 8888 811188488118811818

1888 148 A 303 505 11188 11888 881 Λ 888 11184 8 888 178 8484

11 488. 8 188 ι 18 181 888 488 1818 81
3108181308 ¹ 8 148 8 888 8481 8 818 8 50 313

011147044008401101007450 841814814811181 88881148
489 480872 Γ3 Δ 249 311 H 313 868 [8113 81139 2355.

335 8181 1488 88181148111184878872 ..318 2188 888 8114 8 188

841888818888181 14181814 818 3188 ξ 811 8888888 8 888 8148
331 570 Χ 1 100 Ψ 100 4⁵5· 8818 8188188 811 11811881 4888
ἠύτ’ θ 280 518 1222 A 359 Β 754. P004 2136 11149 Ω 401,

’11888888 ζ 188 8 81 8 111 188 888 8888 8 488 188 Λ 88.
8 188 A 511 003 3101 103 E 18111888 111 ’118881 A 1.

0.

θαασσέμεν γ 336. 718 ζ 74 9439 836 153 χ155157

θάασσε 0 124 θάασσεν 1 194. 1 180 ψ 229 Γ 142 1473 475 582 A 227
θαιρούς Μ 459. Ξ188 Ρ36 Ω. 317 θαλάμου α 436
θαλάμης ε 432. 11285 1256 χ140 ψ 178 Ω 275 θα-

88188888188 8 8 8188. 7 8888888188188111481811

8818888 8 435 1533 8888. 888 8888888 8 881 848 8188 881
88888844188844181118187 118818111884888881148

 

