μέν.

102 125 188 193 261 318 324 405
420 422 425 437 444 489 494 509
525 529 620 621 636 650 657 703
709 721 726 758 763 771 816 870
172 16 51 68 88 113 114 193 210
234 240 293 313 315 326 330 357
’ 377 422 439 448 457 Δ 7 13 51
63 110 112 123 130 135 168 197
207 226 227 232 253 283 292 297
301 311 364 368 396 415 439 442
470 491 537 Ε 13 2832 3645 48 65
70 72 79 84 133 145 148 230 233
245 261 271 274 292 318 344 353
385 431 436 458 460 516 543 550
556 568 574 578 593 595 627 643
656 657 663 665 6927720 734 739
788 801 832 835 842 844 847 877
883 893 Ζ 27 40 84 125 138 149
183 198 213 219 224 227 269 279
327 388 404 422 473 489 500 118
29 49 69 89 93 99 115 121 147
162 190 214 226 229 251 258 275
290 306 331 357 362 370 379 421
442 461 464 473 476 Θ 1 35 66
73 109 113 125 141 169 212 257
268 270 274 317 323 332 345 364
370 374 382 385 416 425 429 433
434 440 [4661 475 502 524 543 11
53 65 68 69 79 97 100 135 164
168 174 210 216 225 254 277 300
309 313 325 335 406 421 [458]
471 472 499 515 531 550 579 593
597 634 670 701 705 Κ 1 29 98
125 164 216 235 237 244 255 316
354 414 428 440 442 449 458 487
527 541 548 567 Λ 17 33 36 47
80 84 99 103 108 142 143 148 150
210 229 233 241 267 277 301 320
323 333 341 373 386 404 408 420
426 435 446 462 472 502 523 566
572 596 628 636 660 682 706 742
776 783 786 813 825 828 833 834
848 94 1 10 13 14 67 76 84 88
129 131 141 191 231 235 258 288
294 322 344 357 366 400 436 443
469 17 2 13 20 49 81 143 184 195
213 239 279 301 312 356 404 421
503 503 514 527 564 578 584 586
598 605 614 622 636 640 656 673
689 694 699 719 730 738 751 762
800 Ξ5 14 55 71 72 98 119 129
133 142 155 170 216 224 252 272
286 313 352 361 366 378 382 391
405 409 446 462 0 3 7 29 40 56

87 100 125 132 135 149 222 277
282 295 300 301 315 318 329 330
333 337 367 386 390 401 405 413
430 447 455 472 478 515 521 544
547 559 572 634 655 703 714 11 1
23 25 60 64 101 116 124 131 141
173 186 189 237 239 250 253 282
301 317 326 335 337 389 402 466
472 477 495 517 532 597 610 632
664 694 702 726 731 762 777 781
784 789 793 796 813 Ρ 34 75 82
85 125 193 279 305 331 336 366
396 424 430 461 479 526 556 615
631 649 687 700 705 708 717 727
730 740 Σ 1 57 74 79 84 86 99
112 131 134 140 148 173 202 228
241 252 257 267 274 285 288 298
312 348 354 362 368 378 386 389
408 419 421 425 434 438 450 451
468 472 483 499 527 582 585 593
595 597 599 Τ 1 8 21 30 63 65
79 83 171 203 206 222 228 243
249 267 277 280 309 319 328 365
369 388 Ί’1 13 33 42 49 75 107
136 166 187 206 226 261 269 288
321 324 345 360 370 394 434 445
456 458 462 463 468 Φ 3 17 67
71 100 123 164 186 190 203 214
233 280 292 298 343 383 426 437
453 504 514 519 556 581 11 1 18
30 49 111 123 149 158 211 222
226 274 299 322 335 340 405 478
482 493 500 508 Ψ 1 3 30 48 52
54 58 78 120 133 157 162 174 181
185 200 204 212 237 243 250 2653
274 288 311(bss) 328 368 386 45-1
530 571 590 634 641 681 702 738
77478979880780881781882785 1
865 868 876 884 887 892 Ω 2 22)

y 25 44 58 71 161 188 220 229 237

260 266 271 281 289 324 330 3Ε) 1
338 435 454 498 509 534543 584
599 604 605 610 642 650 673 685
694 719 722 732 740 751 784 791·

εἰ μὲν γάρ v. a 7.γάᾳ

εἰ μὲν δή Ψ 558 12660.
άμὴδὴα82δ831ιῦοχ45321
ψ 286 ω 328 I 434 K 242.Λ 1233
386 043 Ω 406.

εἴ γε μὲν ε 206.

71175779 „65 1447v42552811167

A 77 73197 77233 52 477 749 773.
ἦ μὲν τ 235 1252 464 1( 374 A 765
,4777 T 109 X 739.

 

