337

455 ²313 75 34 35 37 195195159
443 453 433 470 571 333 333 335
545559 44131 194 195 991 919
994 941 959 955 959 955 330 999

455 495 499 495 499 551 559 599
594 551 955 551 515 549 544 549
555 559 595 554,

44144) 9955 419 4 91 5155 5959
44 544 55 491 5199.

444 4 99 9991 1199 495 4300 4330
A 454 4315 44 199 55959 559999
995 9159 44113.

. 443 γ 30 3 151 994 η 915 999949
3303 4334 991 4 91 149 31 170
333 333 4343 4 333 4303 334 345
357 4 301 919959 4959499449
413 33 73 531 453 353 4 115 331
374 551 φ 59 911 4495 4 350 353
9515494511555955159199
9999994959 5451 515 44 43 373
331 433 449 A 959999 55151 333
9955 994 55515 999111 135
330 5999 599199 9591 5419 59
955 999 999499 23 73 344 44113.

9494) 4 919 915 4 955 414 495 1999
515 4130 ξ 59 337 331 4130 4 119
149 459 519 4191 999549 4 59
2333 41133 133 371 559 5995
954499 44 55 5195999919 Λ 914
449 445 15959 459 5159 5191
949 44 773.

444 315 A 591 19119 5419 5991.
44 4 999951594949 4³ 133 3 140
9541519995 435 433 543 534 533
313 734 743 313 333 4 99 154 199
919955 451 9199 159 49949195
999994 959 955 959 955999 995
159 195 919999 959 4 99 99954
959999 955499 595 414 155 995
941995959549 1 51 54 144154
999 999 959 459 459 451 595 599
433 159 995999 959445 4 99199
159995 999 991959999 ξ 54 37 143
[154] 133 303 315 343 375 314 313
999941 343 353 333 333 441 437
433 0 113 133 377 373 311 945 959
499 449 495 499 44 195 199 194999
459455 4 9 9 94459 4 99 59 55 991
991919559 491 119199154 4919

4199 119194 919 (44) [955] 495
4949959955 9154951 115 915954
999 4 300 333 473 A 54 99 199 194

175 354 590 594 B 53 111 114 133
355414 Γ 59 351 399 400 438 443

ἐγών.

338

4159991 55194959 991 955594 995
915 5 999 337 345 343 959 (554) 444
434 5559 59 195949 [959] 9[5] 999
451 519 91 945 999 449 499491
595 44 949999 991 449594 41991
999595 515 549949 515 555 159
N 153 777 999 9194 199 195 999
949 999999 9 99 199 949 154199
945949 959 519 95 154554 5195
194 199 495 495 499 5 37 33 103
137 331 303 33730101 9999411414)
95 199 995 959 955 991 459 555
534 44 3 9 19 55 194 959 995999
999 999 949 945 949 ²41 71 73 73
73 35 33 145 413 553 303 44 30
313 995499 433 434 431 557 533
335 735 733 775.
4⁹44) 4 330 331 941 59 59 131 (914)
959 495 199199911 995 955149
959 999 945 951 999 999451 499
499 471 499491 554 533 533 730
313 4 95991 415 419455 ζ 191
171 333 337 4343 959994 3305
334 433 4 99 373 337 343 354 334
959419 503 515 513 4 95 99 [995]
955 914 919 994995 333 337 413
441 471 4 53 73 33 145154919
951 494 499 449 495 559 915 599
999 μ 99 159 195 995 959 459
4 311(544) 374 ξ 141 144959 999
999 995 995955 959 499599 4 35
300 343 333 335 330 499495 433
44195 337 333 949954 313 4119
115 199 159 149495 595551 4335
955959 443 133 137 171 433354)
531 533 571 4 59 99 99 99 999
915 φ 919 519 949 χ 95 107 313(344)
344 (114) 419 413 17 33 73 73 373
4 317 333 A 33 303 331 333 353
355 443 513 513 530 555 155411
414449 Δ 49 3113 113 133 305
353 313 335 5 995999 955945
999495 55195 9599 5944 955
419499 499 599945 44 173 343
991 994595 41999499 519 3:353
333 303 315 033 134 133 347 733
44303 307(44 433 5951114) 33 3133
9951554) 999 999499 5995 995 995
5999 955 491 9 549414) 5559199
991 955 959 999 519559 4415 44
99191 133 134 347 413 435 430
Ψ 49 559 599 549 594 599 44133
313 330 949999 553 559559 330

 

