871

2) sine verbo 1111113 β 333 η 206 σ 19
Α 263 Ξ50 Ω 487.

ὡς - περ 1) 3. verbo finito 1 312 340
385 11282 31212 14211 3125οΨ84.

2)31113 verbo 1111113 β 305 3 31 κ 240
13583167 8258 (ὥςνύπερ) Ε 80
Ζ 477 Η 370 Ι( 309 396 Ω 398.

ὥς τε - ὣς 41. 1) 3. verbo finito 3) 9.
indic. &gn—1333 Γ 23-,27 0410 ·-
413 Ρ434-436 747-752 755-758.

ὤμ’ -ὣς181-84 8459-464 Δ433
---433 (3311331. praes.) M 421—494
Ν62-65 703-708(33411111131.9)Ο 271
-277 690-693.

3) 3. 3331111131. ὥς τε - ὥς (ῥα) Ν 198
-201 ὥς τε - ὣς Μ 167-171 278
-287 0381-384 (11111133) Π 633
-333 (3311331. praes). 1

ὥς τ’ - ὣς χ 302-307 Β 474-4761
A 31-13 3313-313 11413--433,

ὥς θ’ ·- ὣς Ρ 742-746.

2) sine verbo finito ὥς τε·- ὥςΜ 299

· -307 ὥς τε -1111ς 1130-135 χ402

-406 Ε136-143 414-16 Μ433
-436 0630-636 Ρ109-113 Σ318
-323 Φ 493-496ΗΧ 308-311;
ὥς τ’ -139 χ 384-389 Ρ674-679
113-31. 1

3ς3’ -3 111-14. ²
ὥς τε 14308 0450) 384 ι 289 2921
413 (utpote) κ 133 133 311 31311

1

χ343 3143] 3133 1331 (11334),

ὡς -· ὥς. 872

65 93 113 183 216 296 340 375 382
394 398 425 464 471 481 491 [511]
538 548 554 570 609 620 624 638
657 673 703 715 758 767 772 778
838 ε 41 43 92 116 121 125 129
148 171 180 192 225 291 313 330
351 370 380 398. 430 434 451 474
480 491 ζ1 41 66 71 109 127 135

⁸ 145 211 223 235 247 285 316 328

31 3133 13 133 133 131113 113
313 334 343 344 31343 13134
133 134 133 133311 333 343 333
333 333 433 433 431 433333 331
313 ι 34 131 111133111131 131
333 333 333333 1133331334 413
433 431433333 333 311 313333
333 κ 43 3113 13113133 133 113
113141 131 113114 331 311 333
343 331333 433414 413 419 411
413433 443 433 [41311413] 431
433333 341 333333 133 13 31
31 133 143 133 133 133134113
113 133 333 434 411 411 433 443
431 433 411 431 334 333334 311
313 13111 113 149 199 999 933
111 134 333 314 331 v 1 13 33 41
33 33 34 33113 113 134 133111
133 131331333 333 413433 143
31 11 133 131 433 413 433 433433
333 313 313 043 33 113133 133
133 133 113 131113 113131431
434433 313 341 313 13 43 43

11134 131 Λ 33 133 11431 334 3341
113 1313311333) 339 1131 4441

34111 133113 113 391 339 393
433443 413 313 31 34 111 131
. 141 133 133 111133 134 133314
33113111(;3333331)γ143(213 343 314 433 433 431 431433333
331311) 343111134313133. 31134133131433333133143
3ς3ω333331314331333. ‘t 3333 33 ,13 33 111 131 133 131
3)(1113134314133311. 1 131133143131133313343331
B.1)3941314-1'191411-419. Q 33441341131413413333133
3433343333. ¹ 143131133133143133333331
3343413-331133-131331-333. 333 414 441 333 314331 333 v 99
3ς τίς 311341. 1 13341331131113144131111
3ς3 3331ς34-3ς133-33 (3311. 133 143 141 133 113 131133 313
634611 Ι. 3)). 345 358 371 384 φ 80 96 136 143
343313311111313134131314 133113131111141133133333
11114313313131334413431Ι 313 333 313333 434 433χ41 33

13 133 141 133 113 133113114

Μ 307 Ν 125 201 0365 Π 482 Ρ29
255 265 307 326 354 361 378 389

Σ 163 Τ16 Ψ643 Ω 209 422.
· ὣς 94 35 42 47 96 125 166 319 381 393 398 406 433446 465 471 492
339 85 111 141 152162 181 205
231 239 251 28839 19 57 93 98
138 141 146 186 203 219 315 345
361 383 397 408 412 438 450 463

><11333111113 11333. ‘

490 3 33 33133 133 113131 143
114 131131 331 331 311433 4131
y 99 31 39 149 194 919 1131341,
331 313 311 333 433411 313 311

 

