329

ἐφάμην δ 382 398 471 491 554 4272
287 353 368 480 506 526 κ 70 178
198 345 388 428 487 503 550 566
159 145 180215 404440 487 538
563 μ115 222 277 303 324 ν 357
ξ481490 4924 042 τ 148 υ 90 Γ366
Ε 190 8498 Μ 165 0251 Ρ171
φάμην ν 131 Χ 298.
ἔφατο Π 548 Τ112 301 338 Y 31
Φ 277 Χ 429 437 515 Ω 746 760
776 ἔφατ’ β 267 302 γ 329 374 385
6 216 296 311 375 394 464 481
538548 610 ε43 181 225301 766
254 328 9330 θ 194 256 291 343
433 ι522 536 κ 261 270 280 319
336 382 406 438 496 541 179 138
163 204 247 435 462 477 504 μ111
142 294 352 ν16 ξ52 499 056124
530 σε 406 417 0147 215 374 458
050 78 163 290387 990 402 551
022 91 102 247 275 φ84143167
248 269 287 χ492ψ96 09492 Α33
43 361 457 568 Β 166 333 394419
441 Γ 398 418 461 Δ 68 198 272
326 Ε 106 121 372 719 767 Ζ253
311 406 485 Η 43 108 897112198
381409 1688 11240 A 195Ι 516
592 Μ 173 329 351 364 Ν 417
Ξ 218 232 277 297 458 486 078
113 168 236 377 552 Π 249 458
527 676 Ρ26 123 246 256 333481

’ 491 624 656 694 Σ 384 423 Τ7

7393 Φ 356 Ψ429 488 664 708

Φήμιος- φθάνει. 830

ι 281 4 236 ν 37 53 250287 ξ 327
0169 171 202 π 448 476 ρ 26 149
233 348 541 551 574 088 151 281
422 014 47 89 249 296 ν 54 111
121 144 183 345 φ 67 80 96 175
χ42 68 108 354 361 378 393 ψ111
205 231 284 ω 315 345438 450 513
520 A 188 245 345 357 511 595 316
142243 Γ28 181 243 259395 Δ 208
401 Ε 363 426 443 493 655 689 899
Ζ51 166 185 212 342 8167 245
484 I 173 205 Κ 332 482 A 396
616 804 Μ 80 Ν 295 328 455 468
748 Ξ 222 270 506 O 34 47 119
Π46 130 626 710 Ρ33 342 567 591
648 Σ17 22 Τ125 Τ262 365 (0114
284 393 [434] 471 478 Ψ 108 287
491 499 555 651 793 Ω 200 353
358 424 507 598 φάτ’ β 296 ι360
κ 321 497 ξ384 χ210 224 40533 ’
545 Δ 104 514 Μ 442 ’ Y 364 373
Φ 161 423 Χ 224 Ψ 184 φάθ’ 6 37
9459 9499 ξ 409 949 ρσο9 9191
0) 408 Β 182 Κ148 162 177 328 512
0442 478.
ἕφαντοδ 638 ν 211 Ζ501 Μ 106 125
Ρ379 ἔφαντ’ α 194 φάντο 09 460.
ἔφασκον ε 135 Ν 100 ἔφασκες Τ297
ἔφασκεν] 256 0565 ν173 ξ321 (9114
9191 0335 ω 269 ἔφασκενμ275
φάσκε λ 306 φάσκεν κ 331 φάσκ’ ον 75
φάσχ’ 6 191 ἐφάσκεθ’ χ 35.
φήσει 8148 153.

754 771 811 836 859 895 Ω 77 120 Φήμιοςρ 263 χ 331.

127 159 286 314 339 57], 689 707

Φημιῳ 9194 Φήμιε ι 337.

ἔφαθ’ 042381 β 103 7430 477 ὃ 638 φῆμις ξ 239.

673 7211 223247 η226 9234 321
398 ι256 κ466 1333 μ 28 ν 14 47

φφίμιῖνοξ 273 0468 π 75 9527 οι 201

994 9990497 π 959 399 31⁷7 491 φήνῃ y 372.

σ40 58 66 320 410 9100 υ 157 268

φῆναι σε 217.

990 999 φ999 999 χιι9 959 265 φηριιι A 238.

446 ψ92 141 ω 57 138 463 496

φῆρας Β 743.

9807 Γ76 84 95 111 Δ 20 Ε352 Φηράς Ι 151 293.

Ζ 102 286 Η 54 92 175 200 344

Φηράς γ 488 0’ 186.

379 398403 828 457 I 29 50 79 Φηρῇ Ε 543.
430656 693 710 K 213 227 313 ΦηρητιάδαοΒ763 Ψ376.
Λ280 Μ 413 Ν 487 Ξ 133378 0300 φθάνει 1506 Φ 262.

. 565 726 Π 562 Ρ233 722 Σ145
Τ74 3373 Φ342 381537 Ψ12
54 249 4174 446 599 676 738 784
Ω 265 718 782 φάτοα42Οβ 35 ,80
146361 384 ὃ 65 113 183 370 609
703 758 9116 171 180359 ζ148
η182 329 910 199 295 985 519

φθήσονται Ψ 444.

εφοης ι 99 ἕφοη 11314 322 φθῆ χ 91
A 491 φθὰν A 31.

332911361 φοῇσιι 9905 mmmm
K 346 φθέωμεν ιι 383 φθέωσι ω 497.
φθαίη K 368 Ν 815.

παραφθὰς Χ 197 ὑποφθὰς 11144. ζ

 

