373

137 433438 513 520 533 545 A 334
43 68 101 188 217 245 304 318
326 345 357 428 446 457 511 531
536 568 584 595 601 Β 16 35 70
76 84 91 142 149 166 182 207 243
265 278 328 333 364 394 419 441
457 464 476 784 807 Ι’13 27 36
63 76 84 95 111 139 161 181 243
259 302 324 339 395 418 461 Δ 20
68 73 85 104 198 208 246 250 272
292 310 319 326 364 401 427 436
456 470 514 536 ,Ε 35 84 93 106
111 121 133 143 163 204 239 274
290 352 363 426 431 443 460 470
493 502 527 600 607 627 655 689
7191767 792 835 899 904 Ζ 51 61
72 102 109 116 149 166 232 286
311 312 342 369 466 482 494 512
Hl7ffl13w01ffl1ffl1w1m
161 175 131 200 206 303 344 354
365379398403412442464 Θ28
41 97 112 157 167 184 198 212 245
308 341 381 409 425 432 457 477
484 538 542 Ι 1 8 16 29 50 79
173 199 205 259 325 430 492 597
656 688 690 633 710 ,Κ 9 72 131
148 162 177 187 194 218 227 240
254 291 295 313 328 332 349 363
465 482 487 512 531 Α 64 70 120
136 158 177 195 210 241 272 280
291 294 309 326 396 434 456 472

. 496 516 531 556 563 592 596 616

670 721 762 790 804 817 11 1 34
49 80 135 151 159 171 173 223 251
277 287 329 351 364 370 413 424
436 442 453 1735 81 105 133 143
155 181 239 245 295 328 337 383
392 417 455 468 476 487 494 573
591 640 673 708 748 788 800 821
833 Ξ 9 20 60 120 133 142 147

222 265 270 277352 361 378418 ὠτειλῆς κ 164 Δ 140 149 Ε 870 Λ266 .

ὥς -· Ὥψ. 874

113 133 137183 188333 348 338
384 333 312 388388 332 331 120
123 434438 153 131 131 507 523
510 551 387331 321313 353 335
373 373 331 722 738 733 748 748
733738 31 33 83 138138143
383314 331 318333 313 388388
133 11337 74113133138134
378381 383 338 343 333 373 113
11 13 3134 75 110 111 133174
310 331 373 373333 103 434433

433438 515 33 3137 114138 181
337 233 384338 343 348 383 381
488413 123 [131] 133 173 438383
'511 525 537 571 573 X1 31 34
33 30 33 103 131 113 135 133 133
201 221 217 253 235 303 311 313
313 381373 483433 137 130 515
111 13 51 31 33188133143133
131 212 334343 237 313 117 123
112 113 133 433333 555 300 321
323 351 331 373 331 703 725 733
751 733 771 731 733 737 311 330
833833 413344 33 7733 138141
153 133 200 383314 337333 353
121 488483 507 525 531 571 371
883 787 718 713 730 773 732 301.

ὣς ‹5' αὕτως γ 64 ζ166 131 v 238
3383 333 χ114 ω 483 1333 11438
11351125.

111 ὧς 0131 ε 313 8184 1333 1184
178 7162171 A 113 1133 1333
1483 838 A 720 1188 383 0133
555 31513 11188.

033’391332313213731231733
03⁶4 0155 321 5213 ,18373881
13 ὧς) 11383 1331 388 (188113
811331 (0003 μιν ὧς) 537 A 255 841
11433 834 8171837133331441

458 486 506 0 34 47 78 83 100 17 862 Ρ 297

113 119 142 149 168 172 218 236
262 269 277 300 326 352 367 377

ὠτειλήν Ρ 86 ὠτειλὴν 1456 Ξ 518 Φ 122.
ὠτειλέων ω 189 ὠτειλὰς Σ 351 Τ 25.

384 405 413 429 142 478 500 514 12τος.Ε 385.

559 565 572 582 589 622 629 636

Ὦτονλ 308- Ὦτον (Κυλλήνιον) Ο 518.

667 685 693 698 726 Π 1 46 101 ὠτώεντα (18138618 1)Ψ 264 513.

¹ 124 130 210 214 217 249 275 301 ωὐτὸς 1. 3. 1 αὐτός.

326 356 366 393 409 430458 485 ὠχρήσαντα 1 529.

490 502 527548 562 584 626 632 ὠχρος Γ 35.

635 644 676 710726 751 754 759 ‹133311121050107 Γ1581373 0147.

770 827 855862 Ρ6 33 43 68 82 Ὠπος (Πεισηνοοίδαο) 81429 331 7 v 113.

ι--Φκ--ᾑ

 

