‘444

35 37 41 47 49 73 78 86 96 109
113 116 120 126 140 146 156 173
201 204 207 214 226 245 249 259
268 299 302 306 313 337345 346
349 353 365 366 380 390 400 420

’ 425 426 436 448 468 481 491 495

533543 05 33 33 35 37 33 43 45
53 53 54 57 35 33 34 33 443433
435 433 435 437 433 443445 453
453 457 473 453453 433 433 433
434 433 357 335 333 343 343 334
335 344 354 355 353373 375 355
333 333 333 334 334 337333 344
345 354 355 355 (v. 76-7702) 374
375 447 435 (614) 444 443 454473
474 435374) 435 435334) 533533
533 544 534 534 554 555573 535
534 543 545 534 537 543555 553
554 553 554557 573 574 337 744
743733) 735 743 47 45 53 54 34
34 37 443443 754 433 343 343
343 353 355 355 373 373 375 373
337 333 333334 343 375 337333)
4ο5445(35)433 445455 4374353753
535 533 555 557553 554343 574
555 534 535 533 534 537 53335)
545 545 534 573 533534 555334
333733) 534 534343) 535 (341) 535
733 753 754 773 733 735545 545
343 553 557 555 P 44 33 37 43 34
4354444474444544554554777351
mmmfflmmmm
223 225 229 237 243 249 250 251
256 377 357 334 334 333337 333
343 347 343353 353 370376331
365 334443443443453735) 453 455

458 465 468 470 478 479 482 499 ⁴

507 508 510 515 516 517 541 549
555 556 563 569 574 615 617 620
621 623 626 629 635 038 647 649
651 672 676”683 687 713 714 717
749 Σ 15 41 42 (quater) 44 451513)
46 47 48 50 61 88 106 108 119
120 122 139 141 194 197 230 231
237242250253263271291299(5ὴ)
335 339 357 410 414 415 420 433
442 449 456 458 459 460 475(bss)
(conf. τε καὶ) 487 516 518 524 528
543 567 583 593 Τ 33 38 43 44
57 63 64 70 76 87158) 96 118 127
434433 4547375) 457 474 434455

191 200 202 214 217 219 226 231

· 291 308 310 315 317 320 346 353

416

353 354 355 355 444 434 433434
3 9014) 47 34 33 30 33 53355) 33
34 37 33 33 34 35 104109 115
120 124 140 445 443 453 453 455
474 455 437 433 434334 343 333
334343 354 355 353 354374 375
357 334 333 335 344 334 335 337
347 353 353357 353 354 357 333
433 475 434435 433437 433 (614)
453 453 453 434477 533 344 57
53 53 53 33 433 105106107106
110(bis)112 444 134142171 435
197 (533 435 200 206 221 225 231
233 256 262 264 266 274 264 290
302 311 314 324 325 334 336 339
354 359 353 373334) 333 333435
440 453 454 460 471 464 469 506
513 525 543 555 555 577 533537
533 533533 533 544 3 34 43 45
46 52 53 55 57 337344) 33 435 443
114 145 174 222 227 231 235 239
247 255 262 265 273 374334 283
290 304 335 333 333344 343 345
334 353 353 354357 355 373733)
375 364 390 395 421 436 447 475
455 437534 537544 375 43 34
34 43 57 374375) 53 34 33 433 434
434 457 455 433 454 455 473473
455 435375) 337 333 334 343435)
345 353 355 354 374 373335 337
343 333 335 333 334 354 355 433
433 435 444435 429 433 444 456
455433 473434543533 545 55335)
551 652 559 563 566 532 566 595
596 607 606 610 544543 547 345
545 557 573 735 737 734 737743
753753 753 773 735 757733 534
333 334 533 535543 533 33 57
353475) 33 45 47 45 35 57 53 35 435
106 111 112 124 126132139 150
179 196 200 206 207 215 222 223
228239 242 247 251 (conf. τε καὶ)
374 353 337 333 307 316 321 323 331
336 344 351 354 355 374 375 353354
333333434435435443(33)444443·
445455455457475(33)475434435
453 433534 533543 545373554555
553574 557 535 535545 621 626 635

639 641 (bis) 644 656 669 674 685686
704718730737741753757766795
καυτος, καυτη v. 5. 7. αυτος.

333 34335) 343 355 353355 333 313415459335545 4533

Τ 99 (773147 ἄλλως).

 

