51 3119ς.

ἄλλος 947 β331 9377 9191 649 ζ205

032 169 174 229 311 9351 401493

520 κ 119 327 442 142 54 127 176

558 μ 325 9 333 ξ 25 228 400 493

9321 336 99934 204 9568 580 9231

301334 9286 486 9201 376380 φ152

291 324 327 401 χ154 257 258 274

275 ψ 126 189 226 274 ω 267 415

Α 186 Β 75 80 231 400 Γ 223 ’226

365 Δ316 334 11517 11456 Θ429(1)15)

515 1104 311 671 K 222 330 511

A 486 636 745 796 Ν 551 Ξ 90 168

O 121 569 Π31 141 225 446 Ρ475

586 729 Σ 185 403 Τ388 Τ339 Φ275

X 106 Ψ439 460 606 Ω 148 177 220

505 697 768 774.

99199 y 94 9994 9491 v 999 χ 999
276 Ε 897 Ξ84 Σ 192 3119911239
6236247 9241 9321489 969
9494 5 999 9194119 χ999 4999
Β 360 400 Ζ329 I 101 486 K 404
99999 [991] 999 999 9191 9994
494 99999 β 99 429692(bis)5104
138 θ 202 328 516 9 37 267 380
1624 μ392 9167 205 ξ35 138461
9 518 99 261 361 ρ 383 401 948
72400 416 υ 222 224 φ 396 χ 6
99 128 11248 271 Γ 104 4181171154
827 Ζ 187 H 116 358 Θ 300 309
1365 391 K 146 A 189 204 410 663
Μ 92 232 248 267 (bis) N 229 272

= Ξ244 072 458 684 1138 Σ 536
(bis) 537 Χ372 493 (bis) Ψ580 668
Ω 46 370.

9111199911 26 157 177 210 355 394 β21
82 γ346 363 427 (9.19199991999 (9)) d 70
165 166 285 826 9110 133 489 99251
840 107 368 379 551 961 367 479
κ 285 1412 526 μ 22 294 349 352
ν 419 ξ 24 53 119 195 200 417 462
478 9302 9376 411 417 503 592
9112 9213 φ 21 174232 365417
9352 99 37 Α 22 174 256 376 399
111 211 649 665 Γ 73 (99919999) 94
(9. τάμωμεν) 102 (9. διακρινθεῖτε) 168
256 (9. 9991991999) 308 461 Δ 29 63 261
429 538 Ε 709 786 877 Ζ 41 402
Η 112 386 473 (bis) 474 (bis) 475
1 45 370 535 594 K 1 83 165 386
563 565 A 75 149 524 693 Μ 82
108 175 245 Ν 169 312 524540
800 (bis) Ξ 49 120 368 0167 183
224 414 675 11443 697 763 Ρ203
370 Σ 106 116 Τ83(0. σύνθεσθ’)

52

199 (1. μίμνετε) 949 949 T 99 (5. ἔρ-
χεσ9ε) 149 194 d 99 991 919 994
606 X 181 237 366 369 380489
114241 459 479 737 1198 363 484 677
99999 α 199 9914 9944 994 191
201 9105 118 383 ζ158 176 0102
204 212 221 252 99250 320 421 485
1 470 551 567 μ 49 9 266 ξ 108
228 238 395 π 133 239 382 σ 62
τ 175 247 v 219 φ 210 χ 28 254
ψ 1100) 18 79 A 198 287 498 505
Β 200 359 674 804 Γ 42 Δ 304
375 Ε 524 753 Ζ 208 295 1514
553 631 641 K 408 434 A 81 264
514 540 784 M104 N499 631 728
47189 427 0 244 662 Ρ171 260
280 358 Σ 168 Y 142 352 Φ 370
X 39 Ψ 399 532 Ω 338 456 481
51119999 γ 58 9208 A 597 Γ 301 Ε485
8437111454 0134 Φ385 1154
511199999β166 d 472 8432 ξ 41 226
91295 Ζ475 8526 1346417 684
Ψ342 9111999 333 99 264 9196
ω 180 A 342 Β49 Ε 131 820 Ζ259
99919 9199 9 99 991999 99 999
d 37 θ 93 532 ι 100 188 193 331
370 99449 9213 99 227 239 404 433
9999 9199 9999 χ914 4999 9191
861 Γ 68 88 234 Δ 36 268 292 340
364 Ε 822 Η49 0211 1301 316
K 108 Λ367 406 1756 13131 067
87475 Π 657 731 Ρ328 Τ 139 309
9 [199] 494 91199 199 499991
51199 β 209 97 9306 9172 9371
374 9307 Α17 Γ298 2476 11327
385 Μ 61 Ρ335 114236 272 285 658.
91119 β 303 d 179 η 208 216 1 427
9343 533 9 101 392 8483 1473
511199 ζ68 192 ξ 510 Τ 262 3119
β 32 44 γ 243 3698 9173 179 187
η 999 9199 1199 κ 999 944 999
1 454 613 9 434 ξ 342 9 27 449
π 281 299 409 470 ρ 548 σ 301
9236 495 570 υ 18 φ217 ψ73 242
344 ω 248 A 297 Δ39 Ε259 1313
611 Ν 64 Ξ 249 (pro adverb.) 262
0212 Π444 851 7321 Φ 94 11322
(pro adverb.) Ψ 82 4546119 adverb.)
999999 99 991 91999) β 999 999
(1219 795 ζ112 9187 11293 Ψ140
911199 9128151911 (94229781380
1999 99999 9999 9919 914 (bis)
Σ552 5111 Ν 799 3119999192 A 300

 

