87 όατοφάλιος ·- ἀρα. 88

ἀποφώλιος θ 177 ξ 212.
ἀποφώλια (accus.) ε 182.
ἀποφώλιοι (fem.) λ 249.

ἄπρηκτον (πόλεμον Β 121.
ἅπρηκτον (fem. μ 223 Ξ 221.

ἀπρήκτους β 79 Β 376.
ἀπριάτην ξ 317 Α 99.
ἀπροτίμαστος Τ 362.
ἄπτερος ρ 57 τ 29 φ 386 χ 398.
ἀπτῆσι I 323.
ἀπτοεπὲς Θ 209.
ἀπτόλεμος Β 201.
ἀπτόλεμον 7 35.
ἀπτολέμους 7 41.
προτιάπτω Ω 110.
ἐξάπτων Ω 51.
ἐξῆπτεν Χ 397 ἀνῆπτον μ 179.
ἅπτεαι κ 379 ἅπτεται Ρ631.
ἅπτηται τ 28 0339.
ἁπτέσθω Β 358 ἅπτεσθον ό 60 ἐξάπτεσθε
- ἅπτεσθαι β 423 ο 288 Β 152 καθάπτε-
σθαι Α 582.
ἁπτόμενος 6522 καθαπτόμενος β 39 μ345
κ 70 σ415 v 22 323 α) 393 Π421
ἁπτόμενον (masc.) 11 577 καθαπτόμενοι
β 240 ἁπτομένη Π9 ἁπτόμεναι Ω 712.
ῆπτετοΘόῚ Λ85 0319 Π778 1468
ἅπτετ’(ο) Β 171 καθάπτετο 0 127.
ἅψεται τ 344.
= ἅψεσθαι ι 379.
ἀνῆψεν γ 274.
ἀνάψαι β 86 ι 137.
ἅψας φ 408 ἐξάψας χ 466.
ἥψατο A ωε ε 799 σταται 6666
Ψ 666 ἁψάσθην ι( 377.
ἐφάψεαι ε 348.
ἅψασθαι ς 169 ποτε χεεο ο 65.
ἁψάμενος 1( 455 Ψ 584 Ω 508 ἁψά-
μενοι ι386 51357 ἁψαμένη λ 278 τ473.
> ἔφήπταιχ41 1115 3269 Η402 Μ79
Φ 513.
ἀνήφθω μ 51 162. , ' '
ἐφῆπτο χ 33 Ζ 241.
· ἀπύργωτόν λ 264.
άπυρον Ψ 267 885.
ἀπόρους I 122 264.
ἀπύρωτον Ψ 270.
ἀπυστος α 242 ε 127.
ἅπαστος (fom.) ό 675.
ἀρα α 106 335 346 381 β 12 13 299
302 405 413 414 416 430 y 12 29
32 40 68 155 253 340 371 416 430
456 462 477 481 482 ό 2 50 113 186

657 673 675 715 772 ε 3 92 111 134
148 192 202 226 244 247 248 255
261 263 298 313 351 355 380 392
397 407 464 474 480 487 ζ145 214
216 223 235 247 252 316 η 37 39
78 100 104124 154 183 226301 330
θ3 17 46 65 74 104 132 234 291
362 398 419 449 480 498 ι6492122
κ 214 280 302 348 350 415451 λ 124
243 247 333 μ 16 134 203 204 338
365 411 ν1 33 47 54 66 84 170 209
429 ξ76 78 411 418 430 452457 518
ο 121 160 215 216 220 282 374 381
419 437 473 525 530 π 13 40 52160
190 213 219 370 393 420 422 453
ρ63 64 89 150199 271 334411 454
464 466 481 490 493 603 σ404158
66 71 118 190 196 211 212 299 394
410 425 τ50 184 207 283 417 442
447 464 v 92 106157 187 241 268
303 320 348 358 373 φ 52 [66] 96
244 248 272 285 360 376 410 412
χ42 79 83 91 178 237 250 261 265
267 277 307 326 329 335 379 389
404 493 501 ψ 29 90 141 152 239
271 342 ω 9 28 34 101 193 223 361
367 415 450 490498 534 A 308 330
428 465 471 529 Β35 84 103 419
428 433 522 615 676 716 784 835
Γ 7 13 95 153 302 395 424 Δ 85
198 208 245 254 398 525 E 43 47
90 94 239 574 582 592 660 682 694
904 Ζ 51 116 154 232 238 253 302
318 323 369 406 418 483 494 H 2
7 65 92 103 267 303 344 360 379
398403 028 53 133 157 177 432
493 I 29 50 79176189199207 209
316 324 430 511 664 666 670 693
710 K 46 133 218 268 313 349 457
502 Λ 65 79 120 171 239 309 376
403 531 604 804 Μ 25 28 131 135
154 184 234 251 295 320 351 370
406424 Ν 191 195 210 246 302337
446 468 474 487 493 506 521 529
593 594 600 672 689 704 716821833
Ξ18 85 133 134 182 232 378 384
400 444 506 0236 274 300 309 543
726 Π 33 56 60 166 203 294 308 380
403 413 481 502 513 552 579 597
607 616 644 676 715 786 855 862
Ρ9 90 142147188196211266268
272 298 391 401 423 430 441 593
673 702 722 Σ5 65 75 138 384 388
423 429 444 494 505 516 522 610

 

