115 αὖτε - αὐτίκα. 116

349 402 474 Η 101 148 207 237 205 253 290370 659 Ρ319 560 Σ6
286 296 319 323 361 383 Θ 194 94159 183 196 466 472 7107 134
268 271 343 364 384 426 446 487 184 Y 103 127 450 482 Φ 160 191
Ι 1 68 92 103 169 177 206 212 461511 Χ171172177232238252303
215 222 242 314 628 663 707 1114 ²931ss 356 480 604 643 645 756 9110
30 73 154 156 270 288 317 378 217 344 378 389 410 432 511 619 668.
503 574 Λ 38 101 122 191 206 αὖτ’14383399 0103177331382393

225 230 264 267 304 321 326 341 990 219 641 795 9332 ζ 112 η 298
369 422 455 461 478 481 483 540 308 6127 140158174 400 4248 407
622 629 664 729 747 759 762 780 4281466 193 338 947 362 615 μ28
Μ 13 40 78 143 187 193 254 368 ν3125 9301 991119409 434 9389

999 449 N 194 174 999 474 491
951 999991 995 999 795 799 759
799 900 99 99 199 999 994 999
91 91 119 194149 999999 994
999 994 999 491 499 494 499 999
949 999 999 11194 199199 499
199 999 949411 419 499 499994
999 999 999 999999 9199 999
999 919919 949 Σ 149 999 994
914 949 491 449 491 475491594
999 914 715 19 49 91 94 99 99

405 445 477 495 9169 187284 9405
933165177190 φ256320401 χ165
281 283 342495 0344 ω 138 41202
Β 221 225 370 407 819 826 Γ 67 180
191 203225 241 Δ 132 238 265 384
Ε 117 217 279418541 Ζ81381 Η 268
302 345 8489 1289 11 283 Λ 130
822 Μ 215 Ν 178 197 221259 274
311 414 628 642 Ξ 454 569 0287 337
Ρ244 304 344474 706 Σ 146 T 38
151 Τ16 86 123 199 273 Φ 169 394

179 199 999 919 951 979 999 49 119999919140199979599 999

99 75 99 194 999 949999 919 999 999 999941 949.

499499 499441499494 91999 999919919999999199999
91 199 199 905 999 994 997 977 49999949 999999 991 999 991
999 444 499 919 999 999 994999 949999 9491999 9955 9144
999999 49 7 990499479499 11911 999499 999999 99999
9999119999949999999 999499999994994999

499 199 191 999 999 999 999999 94919499 9499414449.

999999999949999999994999 99944999 4999 9599.

999999 977 994999 4999999 9949994199.

110 117 155 194 199 944 999999 999991999999949499994499
499 511 919 547 999 991 999 975 1919991999 9994.

949 [999] 999 999 991. 99999199 M 999 :990 9919 9994
99949 441 199 991 9999999999 999 9 99 4999 991 9 999 17 99 479
999 959 409 9199999 749 999 1 99 991 ’999 99 11759 9999 4 999 1144
49 149999 1119 999 9949 994444 9199 99991999 4499 9949 0719.
1999 999 911 944 999499 411 44 999999999414919494.

491 999 499999 999 914 999 999 999499994994 4499199 9991999
99191491994 991 999 499494 999 999491 4491491199919 949999
999 99 999 999 999 999 999 9199 999411199994144999449194
949499999999999 9199991999 199 999999 999 9999 994 9949
949491949 999999 4944194149 409059 42171327 9999 199 999
999999 999 φ199941999χ9199 999919999999949999991199
4194999919 99 99 99194 199949 φ99χ199999999 9199 4199
999999 5495190191979 4999 99994499991991411140179
997 940 404 9799105 199999 99 9199599494910990999471199
4199919499 994999 999 949979 174977519 1999 4919919999
994 999449 1190 99 97 54 999 949 M99 91 994 909 499 1717 [949] 9194
999991999999999449499 999 999 9499 11194 959 599 979 994
199 149 957 979 1114 195 977 979 P84491 999 949 999 99 790199
999 1194 119 199 949 990 419 490 999 9999 994 9 999 999 ²999 199
49999994994 911 999 994919 199 419999 999999 9999999919.

 

