191

317(bss) 313 333 333 639 643 657
658 660 664 666303) 669 672 675

’ 676 679 682 684 690 692 693 695

093 707 709770 770 70 77 77 73
74 70 37 37 33 34 30 47 07 04 30
34 37 74 73 30 33 33 30 30 700
707 703 770 773 774 773 737 733
734 730 730 739 740 743 700707
707 700 707 707707 703 777 773
773373) 730730 790 794 790 133
317 773770 337 333 730737 333
747 743707 703 709 700707 730
703777 770 777 737 797 790 790
373 374 373 337 333 334 330334)
330 340 300 304 309 300309 377
373374 370 377 337 390307) 400
407 477 470 473 470 430 437 440
400400 407403400470477474370)
470 437 437 433 434 493 499 007
073373) 074 079 070 079 030330)
043 004 003 000000 000 370 373
A13513 70 70 74 79373033
47 43 40 07 03 00 07 07 03 003777)
07 77 73 70 73 97 97 93 30 709
770770 773 777 773 730737 737
737 747 744 740 747 743743 707
700 709 707 703 700 777770 734
730 739 733 704 777 777774 770
770304) 770 777 737 730 739 740
743 743707 709 707 737 733 773
730737 734 797 730 797 799 307
370 374 330 337 343 33) 340 307
304377) 307 377 334 390337 339
407 403400 473 474 473 470 470
473 437 439 440 443 444 440 449
437 433 434 473 473 433 433 000
003 070 077 0793774) 030 034 047
043 000 003 030 070 079 030 037
030 094 037 007 004007 073 070
077 037 333 030 037 039 040 047
040307) 347 000 007003 074070
377 333 331 093 030707 707 704
774 773 739 743337) 743330) 707
709 777 777373) 770 777 773 (313)
733 733 737 733 733 300304 313
333 379 373) 330330 337 340 343
043 14 13 70 3777) 37 33 30 31 37
30 47 40 34 30 31 91 33 90707
103 104 103 134 137 141 134 133

251 265 272 278 281 288 294 326
330 333 335 338 342 369 372 374
377(33) 383 384 385 386 390 392

1

160 167 175 179 181 188 190 192. 173 180 182 188 189 191 192 193
205 206 208 221 224 230 233 2371 200 205 219 231 234 240 243 246
253 261 263 267 271 281 283 296
298 300 306 308 313(bss) 313 321
323 328 339 340 347 348 360 374

192

393 390304) 397 393 400 404 409
403 470474 437 447443 443 447
431 433 409 400 407 400 403493
477 777 7 70 77 73 703777) 70 77
37 30 33 00 07 07 00 07 73 73 73
37 113 133 131 133134133 133 140
141 143 143 133 137 133 131 133
137 709300) 173(3is) 133133133
733 790 797 737 734 303 303 310
313 313 331 331 333 337 340 343
740704 333 7003) 730774 734377
370 370 330333 334 337 340340
337 303 303 370377 373 370 373
334 333 390 333 400 403 477 473
477 4743777) 473 473 447 444 440
407 407 403 403 407 403 474 477
431 434 437 439 493 430 439 004
000 307 003009 070 073 079 070
070073 037033039 040373) 043337)
043 000000 030 007 070073 037
037 034030 037 033 033 034090
097 007 307004 003 077 073070
079 037 047 043 000 000 007003
077 074 070 039 090 707 704777
[737] 737747 743 [743] 703 700
707 704 703 774 733 734730 737
739 790 737 307 303304 300377
333 333 337 333 334 330 337 :471
77 77 73373) 70 74 07 07 30 33
34 33 77 33 33 33 703707 113 113
117113113131 139131133134(bis)
137 143 143 133 134 137 133 134
700703 173 779 730737 733734
730 733 733 733 311 7703774) 773
770 770 779 730 747 747 703707
330 333 370 373 7733777) 733 734
794 737 733 307 377374 347347
331 333 333 300307 333 333 373
377 373379 337 334330 333337
400 403 473337) 474473 479373)
477 473430 437433 433 4404473777)
443 407 407 403 403 407 407433
400 409 470 477 473430 433373)
433 497 494 (bis) 430 433 303313
313317330 0 3 33770) 70 73 70
77 74 47 44 09 003777) 33 04 07
03 77 70 73 30 34 (377) 37 37707
700 774 770770 770 777773 730
737 743 7003774) 707 707700 770

 

