331 ἐν. 282

313 314 333 343 314 435 445 433 551311 333135131145153 777 733
414 5315334314 15 33333435 131 331 313 333 3333314313 33 33
53 31 533131135133155113133 3133131131135133141133133
133 133 333 315 333 333 335 331 333 355 331 334 335 334313 351 413
311 335 373 413 435 447 473 433533 431 433433 443413 431 434 533531
544 573 574 333353 513 515 333333 533 553 531 533 313 314153) 515 333
333 133 131 143133 114313 334333 543 313 534131 133133 135133133
335 1111 13 33 41 53 131 133131 15315113115141333.
143 303 314 330 371 303 313 4331514) 34 (omisso 44543 domus) η 133 347. ’
11131153133335331331333333 33333533133314133331341
333 333 313 314335 333313 333 3 053051503333.
431 443 453 413 533 514 533 543 451 04 31 133113115113151333311
555 555 534333 311 313333 353 331 353 335311 333341 353433
331333333133133134131333 313 31 3333 34133 343311 333
Ξ 13 50 115 143 133 313 31315141 333 411 417 y 13 33 73 131133133
337 337 330 307 314 313 331 333 353 343 354 333413 34 113133144
330 333 377 335 337 337 413 453 153 133 343 334 313453 343 531 334
453 433 533 533 35 3 33 53 131 3335131331341331531113311514)
133333333311315311333333 343413313133133513335143
335 343 343 313 411 433 433 433 33413131415133133153131133
434 433 443 433 513 533 543 533 313353 353333331 33143154113
303 33415551 331 333 335 343 345 331 333 334335 433433 503 41133
553 311 3331331411134 14 3335 33 333 413 41343533 51 53131
111 153 133 133 153 133 333 353 13331113531311 311 333 343333
315 333 331 353313 311 413431 431433 433 113 133 133133341
431 433 471 475 433 500 533 514 353334411433 454 430 474 433514
551 573 573 530 531 333 334 343 533 135 133313311333411451
331313 333 113 133 141 143 743 431331 133 333 355315 333334
153133113331313333333343 331333 334333411 433 35333
45 54 111 134 137 137 333 307 315 133 301 305 373 331 345 331 430 501
315433 451 470471 514 513533 53451331134133153151135
5331514) 334 331 333 341 133 133 113 114 333333 331333333 333333
144133 33333133113135133 4114534354333134113331311Υ
313333 333 351 353 333 334 333 33131143141 331333331333 331
335331 343 347 351 353 334 403 343 337 411 5133133333 333331
413953433 433 413 414 415 431 433433 533 543 533 4131 133313
433 141 435 433431 434 335 531 531 331 333 334353 313433 113 13 31
5351141 541 543545 553 551553555 34 115 133 113113 333 314 311 333
555531 533 553 313513 531533 533 314341 433435 431 514 513 533 353
3003077371313 43 53 77 31 131 570 573 59817534 3341 33 133 143
153115133343351333334333311 313314 311 333 333 333 53141 31
334333 434 315 33 55 113 131 133 33151 11331313131333 333 331311
113133311345353331 335 333435 353 333 333434 211 13 111 133 151
43433 331133134133145333 133 333313411431433433 431
13341333333343335434443433 35153135113113133133315
1 13531541553511533 3131131 34 3343315133133133131333334
11131111 113 133 313 313333 335 333 333413 433 435 A30 337
Ξ3313 333351311433434 433 441 333333 3137143303333 337 337
3
3

1478480484 5030115) Ψ266184 301 661 Γ 63 230 344 395 Δ 39 152
, 114 131 132 134 152 165 170 177 208 253 258 260 289 309 313 360 458
16 241 243 248 254 271 273 299 330 462 Ε 259 270 317 346 386543 612

5 338 344 352 359 370 399 416 437 448 712 805 Ζ7 51 91 93 217 272 274
7 451 454 456 461 481 495 506 507 531} 303 315 500 H 18 68 127 148 216
y 435. 549 [535] 567 597 620 624 6544 241 349 [369] 389 06148 284 306

 

