617

260 ξ 126 157 205 (demonstr.) 289

ο73107 226 257 430 458 490 rr 45 ’

139 412 469 ρ 172 (demonstr.) 221
(demonstr.) 398 443 456 51114 222
1329 332 395 550 577 υ 2891119-
monstr.) φ75 294 χ29 48 155 ψ84
ω 17 37 358 A 37 70 78 91 283
445 451 505 Β 82 112 117 239 (13·
monstr. 275 673 792 831 872 (de-
monstr. Γ201 277 429 A 306 520
Ε 44 60 62 (demonstr.) 187 362 378
403 404 407 457 546 603 761 786
832 Z 7 13 59 (demonstr.) 235 294
351 396 460 521 Η 246 401 457
8235 524 119 24 60 64 392 508
510 540 558 143231661311311311.)
A 58 222 224 329 409 589 673 746
Μ 228 235 242 438 Ν 54 217 313
322 344 450 483 Ξ 246 416 0494
507 528 639 Π 154 194 204 271
287 292 542 558 595 604 717 719
808 Ρ92 164 202 229 279 307 587
629 Σ 286 300 313508 1104122
167 326 135 98 220 233 294 334
350 425 485 086 [158] 159 198
(demonstr.) 279 315 Χ 201 (demonstr.)
236 318348 380 500 214289 319613·

5193311131) 322 347 454 855 857 Ω 29
61 139 154 192 258 499.

955161 5152Β85011325194
11244 Σ171 019611) Χ425 639570.

ᾧβ54 128 1131349 6165 14894
ζ15 11138 1149 490 ρ410 3270
v 341 5139 345 3113 325 31
205 827 1125 267 1177 Λ364 559
Ξ220 0664 1291 1451 Φ 131
Χ 394 ι1561 660 Ω 40 335 529
531 736.

61984 6524 736 η28 48 0448
494 138197 522 1442 619 μ200
ξ449 9345 518 (1292 340 1522
χ290 ω 206 290 A 133 8229 231
293 547 Δ106 196 206474 11184)
338 503 735 2100 228 229 1190)
8128 386 K 235 11367 17127178
1991131311 1454 314 103
ὃν α 69 218 327 β 350 6112 ζ2334
1305 455 9187 122 68174 318523
1414 533 5145 343 511 445 115)
12671199 23135 1316033214
Α 94 403 547 549 8198 391628
658 838 A 27 Ε 325 517 535 298

119182 81011101478Λ832ς.

ὅς.

618

840 Μ96 Ν372 398 747 3791 114
434 444 022 348 438 526 Π 30
175 Τ413 Τ74 304 384 Φ 2 1187
353 435 533 9311 o 313 [033] 111.
3 Ψ 659 802.

6 (aecus) A 104 (demonstr).
0611199 304 β 213 γ325 370 407
d 167 409 536 560 317 36 142 170
.ζό 28 η5 55 71 322 6225 495
576 ι48 107 126 399 11434 485
1116 371 μ379 ν 211 295 396428
ξ415 032 262 333 336 467 541
11349 (1146 3263 371 1219 φ134
χ333 553 ω 133 193 A 115 151 Ν
14132 632 853 Γ165 187 Δ91 202

236 324 374 534 Ε 625 Ζ 316 452 ·
Η159 295 834 354 465 1155 165
198 297 302 586 628688 Κ 166 306
Ν491 536 626 710 793 820 47202
-303 308 430 0 199 225 722 Π 672
682 845 Ρ509 532 637 Τ42 Φ 122
206 236 344 Χ 302 434 Ψ247 498
572 675 696 Ω 365.

0158235 β29515266167 γ192
d 98 378 652 686 740 135 106 306
ζ4 177 240 η 26 θ 331 55l(bis) 166
451 141111 133 331 (555554 .) 331
383 503 629 μ 21 246 337 ν 377
ξ333 376 377 0510 11200 (1171258
383 402 6417 140 43 135 196 279
280 290 564 566 v 118 163 234
281 298 325 369 φ68 332 χ 39
263 ψ 121 136 211 269 304 319
333 ω 34315) 150 453 533 A 153
272 11130 201 504 511 519 531
533 536 539 546 559 569 581 591
603 605 615 625 634 639 646 649
655 676 695 711 716 729 734 738
750 757 762 770 824 828 835 841
866 868 Γ 132 278 Ε 404 624 637
890 Ζ 142 209 314 362 421 525
11231 8177 1124 266 Κ 323 Μ 89
196 197 346 359 Ν 50 68 84 101
109 19131 279 0104 Π387 539
Ρ52 157 191 286 (= αἳ) 513 720
Σ 103 186 Τ 111 294 Τ 123 305
Φ 354 464 587 Χ 12 370 Ψ 348 498
707 753 831 5167167221 427 576
(513481341861165143344.

οἷσι 6434 π 97 115 Β805 Λ 686
Ψ159 οἷσινβ 234 69 1121.
11422 Ζ357 1141418 '¹⁴85 717405 ,
Ω 202 οἷς y 408 (demonstr .ω) 31.)
11338 Γ 109.

 

