297 ἐπενήνοθε(ν) - ἐπί. 298

’ ἐπειθ’β 15 273 γ415 5 115 344 ζ 97
451 κ516531144οῙ93ρ2χ269
Α 583 Β 365 ,Γ 145 199 282 285
326 377 Ε 367 Ζ 370 497 Η 208
[330] 3 77 773 337 Λ 730 777
Ν421 47516 Σ 314 Τ-242 7130478
Ω. 340 761.

ἐπενήνοθε(ν) 7. s. 7. ἀνήνοθεν.

ἐπέντυε 7. 3. 7. ἕντύω.

ἐπέπλως 7. S. 7. πίώω.

ἐπεσβολίας 5 159.

ἐπεσβόλον Β 275.

ἐπετήσιος η 113.

ἐπήβολος β 319.

ἐπηγκενίδεσσι ε 253.

ἐπηετανὸν σ 360.
ἐπηετανοί ζ86 ἐπηετανοὶ ν 247.
ἐπηετανὸν (accus. ntr.) 5 89.
ἐπηετανός θ 233.

ἐπηετανὸν (pro adverb). 3 99 128 π 427.

ἐπημοιβοί ξ 513 Μ 456.

ἐπήν 7. s. 7. ἐπείΊ

ἐπήν δή 7. 3. 7. δή.

ἐπήρατον (7717.) ν 103 [347] Σ 512 Χ [121].
ἐπήρατα θ 366.
ἐπήρατος (fem.) 3 606 ἐπηράτου 1228.

ἐπήρετμοι β 403.
ἐπήρετμοι (fem.) 3 559 ε 16 141 ξ 224

ἐπηεεφέες (κρημνοὶ) Μ 54.

ἐπηρεφέες (πέτραι) μ 59 ἐπηρεφέας κ 131. ’

Ἐπήριτος ω 306.

ἐπητής ν 332.

ἐπητῇ σ 128.

ἐπήτριμοι Σ 211 Τ 226.

ἐπήτριμα Σ 552.

ἐπητύος φ 306.

ἐπίδ 429 574 ν 408 8148 Ι 185 652
11480 515 Ρ368 Φ 174 Sl 491.
ἐπί α 103 146 171 183 196 260 273
274 278 291 303 311 364 422 423
442 β 127 197 222 252 260 316 332
364 369 385 395 398 407 408 414
419 421 γ 35938113152176179
258 273 285 286 329 338 344 347
330403 477 473 433 (bis) 171 5133
216 248 287 381 390 417 424 426
428 430 440 470 474 489 535 571
373 373 373 373 737 773 733 377
733 51 175 195 225 245 271 338
366 385 427 443 ζ117 153 210 212
236 η 67 100 120 121 (bis) 162 169
189 216 239 264 274 278282 283
290 307 332 θ 6 37 49 50 222 226

743 333 443447 473 300 334 ι 33
33703 110 150 153 153 173 335
331 333 155 171 347337 333333
553 κ 777 734 155 153 733733 311
374 333 355 375 103 107 403 433
[473] 370 340 333 7 7 73 73 73 73
77 34 30 743 737 733 733 337 337
407 403 477 443 437 437 303 374
334 330 377 337 307 337333 333
μ 3 74 77 37 47 744 743 737737
734 333 333 343 337 333337 337
333 337 333 407473 477 430433
444 v 55 70 75 73 707 774 773
734773 777 734 343 ξ 30 33 33
37 704 770 733 733 733 703 733
733 333 330433 307 370 05133
115 305 331 331 313 103 113153
434 473 477 437 434 433 433 517
513 π 33 33 777 744 773 333403
433 437 ρ 30 30 730 703747 743
303 330333 347 347 337 434307
307 σ 7 44 34 37 737 733 733 733
303 303 373 474 758 770 700733
743 733 773333) 734 333 407473
470 433 344 330 533 533 304 51
51 35 33 153 153 135 303 333 333
371 φ 7 33 47 1155100131 733
733 747 743 737 770 333 337 473
χ 7 73 707 730 351377335337
477 ψ 73 734 773 737 743 737303
343377 ω 43 43 30 37 37 777 777
730 777 737 334 333 103113155
377 333 Α 77 73 33 33 33 153333
303 373 373 377 373 103137110
153(bis)175135 303 333 333 377
373 34 3 77 1733] 773 733 733
303337 473 477 373 343 337 733
733303 Γ 77 73 33 113 111 113
153 151135 733 370 333 477437
Δ 33 73 773 773 773777 733743

251 258 384 420443 513 Ε 26 97 ‘

101 124 154 219 225 240 244 271
283 347 401 405 458 550 586 618
637 700705 771 791 883 900 243
50 52 69 92 213 273 303 354 357
386 400 419431 473506 Η 78 84
86 88 163 223 238 372 381 432
0 73 98 158 160 218 240252 324
327 328 380 410 436 442 475 486
492 501 507 519 528 529 542 547
553 I 132 147 174 187 274 289 415
482 490 492 588 602 639 K 26 30
46 54 71 99 150 153 160173 189
281 306 335 347 351 381 385450

 

