113 . αὖθι - αὐτάρ. 114

66316166 6416161 4666 6614 3616
ιι 165567 μ24 344 6455691339
357 v 220 φ 55 χ200 Α 492 11328
435 Γ 244 291 Ε 296533 Ζ84 281
Η 100 Θ 123 270 315 1412 427 437
K 62 65 209 410 14 99 141 241 701
Μ111366 Ν37 233 653 Π331Ρ298
535 Σ 86 Χ 137 241 Ψ 128 163 674
αὖθ’(ι) β 369 16463 648 1690 Λ 48
κατἀὐθικ 567 φ 55
αὐὶαχοι Ν 41.
αὐλείου α 104.
αὐλείῃσισ 239 ψ 49
αὐλή 6 74 ζ 303 0 355
αὐλὴ ι 184 ξ 5 ρ 266 αὐλῆς α 425
6678 61112130 1239338462 ξ 13
ο 162 π 165 343 σ 102 φ 191 240
389 χ 137 442 449 459 Ε 138 142
Ζ247 I 472476 Λ774 44161646
αὐλῇβ300 κ 10 6237 Δ433 Κ 183
αὐλήν 0 555 χ 474 494 αὐλὴν 6 101
χ376 Ζ316 Ω 452.
αὐλιζομενάων μ 265 ξ 412.
αὖλιν χ 470 1232.
Αὐλίδα Β 303 496.
αὐλὸς χ 18.
αὐλὸν Ρ 297.
αὐλοὶ Σ 495 αὐλῶν Κ 13 αὐλοῖσιν ι 227.
αὐλῶπις Λ 353 Ν 530 Π 795.
αὐλώπιδι Ε 182.
αὐον (ξύλον) Ψ 327.
6561166666.) M 160 N 441.
αὐῃσι (βοέῃς) Ρ493 αὔας Μ 137.
αὖα ε 240 aneu& αὖα 6 309. ⁴
ἄυπνος κ 84.
ἀύπνους ι404 ι 591
ἀύπνους (1611131 340 1325.
αὔρη ε 469.
αὔριον α 272 η318 λ351 623 0535
538 I 357 429 692 Σ 269.
ἒς 6561611351 0538.
αὔριον ἔς η 318
ὐυοιαλέος ι 327.
αὐτάγρετα π 148.
1166664146 1303 6661 1224223 7137
045 Φ 293 570.
αὐτὰρ α9 57 88 123 150 156 200
215 293 303 397 β9 126 182 378
399 407 γ 45 58 67 130 165 173
182342 351 395 447 461 466 473
δ 47 60 68 134 153 161 233 259
280 375 394 412 426 428 433 457

464 481 532 538 541 548 571 573
583 590 ε 76 94 95 97 165 201
235 241 243 270 348 354 363 370
382 ζ 2 93 99 132 224 227 251
262 297 η 14 81 121 134 139 151
167 177 184 228 230 252 275 340
3 24 38 40 50 55 72 83 90 131
143 264 266 276 282 310 342 367
377 446 485 517 521 1 87 100 140
173 195 203 225 237 240 250 286
296 310 313 316 331 335 340 343
362 364 371 381 396 399 420 431

’ 434 487 522 537 κ 25 49 58 67 95

116136 166 161 663 631646666
661 664 616616 313 316 366646
666 664666 466 466466 [416] 466
466 436 666 646 71 73 116 166
166 133 136 664 663 646 666616
666 463 466466 411 664 613 666.
633 666666 μ1 13 66 66 33 111
144 173 133 137 666 666 666364
366 363 364631 466466 436 ν 66
61 16166 133 611 666316 666
661 313042107 111 171 616661
643 646 666616 616 616 646316
336 416464 466 416 466 [616] 036
4436146 163 116644 666 661
661 303 337 333 333 436 416461
431 661 664 64166116136 146
111 616 666 366 646464 466 366
66 61 66 66 114 166 116 646666
663 364 666663 446413 661 663.
66 66 166 163 666 663611 611
643 611 364 636461 41 6 61 663
661 616 666463 466 413666 616
616 641661 61 41 66 61 66 146
611 646 φ 66 166 166 666 636663
366463 χ 1 116 113 613 666 636
316 466 436 466 446 466 464461
466436 666 61 16166 163 166
161 616 666 631 631 666 616366
ω 43 11 36166 166 161116 166
616 666666 666 666 666 663646
661 636461 461416663 A 31 113
161 166 666 333 646 436 466 464
461 463 464 466 661 666 330 103
103 107 616 664611 466 466461
461 436 466 466 611 633 661661
644 646 666 Pl 16 63 61 116 166
666616 663616 666 636613 4116
164 611 661 363 666 464 446614
6146 664666 361 636 636 443
466 666 666 164 166 133 666 644
643664 z 33 166 111 116 614 643

 

