633 95. 634

9691139120 19187 19348 Ε 172 133¹ οὐ μέν τοι α 222 6836 η 159 99267
K 39 129 Ξ427 Φ 273 275 Ψ 632 σ 233 ψ 266 Θ 294 Ω 300,
96 τευ 11264 (9210 Σ 192 οὔ τινι οὐ μὲν γάρ τοι π 204 Ω 172.
ξ96 Ρ 68 96 τιναβ 199 ζ1761925 οὔ νύ τοι Π 707.
χ414 035 E 761 Η 196 96 τινά οὔνύτ’ 9160 347 (conf. νύ τ’ 9. 7. vv).
9199 1995 Ψ 599 99959191 59 [03]
1976919991939109961 11475 919 χ 19 A 400.
οὔ τινες ζ 279. ἕο ε 459 η 217 θ 211 (αὐτοῦ) 1398
1 59 γάρ 59199 9999 κ 999 599 599 191 5199199 9999 9913 47133
H 499 1191 30 911119 9 999 7334 (19599) 9 331.
951119 τίς (τοι) 0 335 Ζ487 Η 197 ἕο ξ 461.
59195 555 φ 303. 591119 9191.
οὔ κέ τις 6 280. 96 0165.
96 κέν τις ψ 187 991 κέν τίς Μ 465. εὑ 1377 ’.11427 Ω 293311.
59 199999 τις y 377 9559 59 μὲν 999 v 191 9991 A 114 4¹ 133 9 59
γάρ ..ν’(α) φ 331. 99 99 z 33 1199195 91995 9199
96 τι α 75 β 87 [191] 235 240 282 411 Y 278 305 402.
7133 349367 6199377 810 ε 88 η205 ἕθεν 1419 686 Ο 199.
292 300 θ 196 206 311 397 451 1448 ἑοῖ 6 38 Ν 495.
κ 326 1. 505 μ 42 ν 5 129 144 219 οἷγ 53 1433 ο 2850119996) (9330 342
ξ 155 176197 367 π 279 9567 σ164 507 τ 413 φ 3041916996) χ 14 214
402 v 183 341 φ 250 309 χ 50 59 351 (αὐτῷ) 99347 Ε 298 800 6327 1306
473 ψ 999 ω 991 519 A 199 911 119 1999 91159 99519 999 H41(a7'7793)
511 562 588 Β 338 528 807 833 Γ 11 Τ385 Τ418 Φ507 21196326 Ψ126
A 286 401 Ε 64 516 689 Ζ 102161 189 (αὐτῷ).
342 Η 27 142 408 681 143 407 421 οῗ 6 292 A 219 Ε 64 (τ’ αὐτῷ) 248

1919559] 1199 115 199 599 599 591 1999399 11999(5’1919)Ξ591 9999 .

11119 1919991199559 919999 91991199.

9119191191599999991919599 59119 99 99 99 99 91 191 999 991
991 9999 919 991 9191 999195 599 999 991 995 991 300 333 919999
711331311304030473433111 99919919519199199995199
19 19199 999191 515 519 999 9199 119 191 199 199 999999 919 951
91599919. 999 999 999 999999 y 133 133
0047131733303374141033403 303341333303303311313333
5159991959159915999999 19119991199195199199199
A 159 995 9191 9 433 1433 307 174 334 333 999999 333 559919
333 91995. 343 959 999 991 999 999 991995
59195115919551159995999 915 999 991 999 991 999 919911
143743330. 961641 113 111199191119 334
5911911599195959999. 919 919 995 999 991999 999919
5919.» γάρ ..1199999111 3307 331 333 373 331 333 333 443 433
33010737131 05167727 310 191199 111 191 115 119 911995
0173313E4o3[301]7'133 331 999915999999999η9191911
11995 59199 γάρ 1111991199 99199199119191199991999

433 224 433 Ρ446. 175 270 277 284 291 302 319 320 ,

96 νύ τι β 60 H 352 Θ 39 Χ 183 363 389 392 403 405 426 428 430
Ω 683. 440453 545 571 1234 248 249 360,
96991 α 203 6273 372 333 §33 127 389 390 443 458 532 9143 247 349
211 ξ487 9330 531 99311 9400403 434 435 440 559 7 103 182 188
9264 91298 515 11361 Γ65 A 29 54 193 247 285 393 442 448 540 609
6428 993513999915199911113 μ 78 90 375 422 ν 13 66 109 120
623 Ρ 175 1182 Φ 291 Χ 13 181 270. 132 135 221 251 337 343369 381
91191(11)Ν811. 417 419 430 433 437 ξ 2 3 5 31
96 γάρ τοι 6 475 φ 172 Μ 247. 191195 96 112 129 184 296326 369

 

