117 ἀὖτις - αὐτός. 118

αὐτίκ’ β 367 379 6220 382398 471 H 684 Ψ 563 Αὐτομέδοντα H 145
491 506 554 674 ε 44 77 ζ 323 864 Ρ452 468 Αὐτόμεδον Ρ 469.
θ 361 447 497 ι 272368 κ 237345 Αὐτονόην ο 182.
487 503 7 145 180 215 404 440487 Αὐτόνοον Λ 301 - H 604.
636μ115168201261303394ν272 αὐτονυχί 0 197,
ξ 153276 093 11 102 407 ρ 23 120 αὐτός α 393 β 40 194 287 γ 19 327
327 ο295 φ46 405 ψ347 Α 386 11181 453 η60 θ 356 391 ι207 μ38
583 Β 322 Γ 267 A 5 69 105160 ξ[516] 11404 (117 573 τ 219 υ 136
Ε214 713 841 Ζ·472 1453 Μ 250 202 228 305 φ 257317 391 χ53 103
365 393 ..7237 H 308 Σ 145 531 ψ68 Α 246 Β191 360 Γ 106 311
7242 7140 Φ378 419 Ψ118 488 Ε822 Ζ 363 Η107 099 7129 271
664 754 768 H 340 515 654. 394 Κ 329 Ν 319 Ξ 248 0198 Π526
αὐτίχ’ ε 229 κ 116 Α 118. Τ421 Φ292 Χ428 Ψ546 51105 658.
«11144111 71⁶1 164 1418484149 αὐτὸς α 53 111 132 116 401 4153
670 ε 430 9301 ι 354 360 496 1155 112 133 246 332 γ 26 402 δ 420
461 7598 627 μ438 453 ξ 140 356 649 ε 215 315 350 374 ζ 126 188
405 0431 439 1146 ρ 413 602 σ 60 218 η 327 θ 142 443 491 1334
157 165 257 506 (11130139 166 211 417 520 κ267 405 512 528 535 748
χ69 161 272 ψ24 164 220 316 ω 408 113508 574602 μ49 57 [140] ν 21
Α27 140347 425 513 522 8208 276 75 203 257 284 404 ξ8 23 45 79
Γ36 440 A 15 19 82 222 Ε 257 697 273 310 343 365 450 ο 24 38 81
859 907 Ζ367 391 Η170 462 0158 90 99 213 284 311 1153 71 100
271 335 1368 375 Κ 63 200 241 463 197 294 374448 ρ30 292 334 382
468 Λ 63 446 567 758 Μ31 190 369 404 529 σ 47 312 1 13 329 332
Ν 239 645 753 Ξ 438 029 31 60 62 396 403 501 556 υ 24 55 165 177
235 364 457 572 696 706 H 206 337 190 263 296 φ30 94 113 190194
476 713 726 813 Ρ82 103 498 533 207 227 χ 113 122 154 342 451
Σ59 89 153 238 286 377 440 Τ 129 11155 124 171 178 185 266 307 332
1379 Φ46 56 84 535 Χ449 Ψ 75 357 01206 279 321 445506 Α 133
205 229 733 ,Ω 17 150 179. 137 161 185 324 356 507 Β 185
ἀυτμή μ 369 11 290 τ 9 20 Ξ 174. 233 240 309 578 588 612 642 827
ὐυτμὴι389 I 609 7489 Φ366 ἀυτμήν· Γ196 282 A 106 150 167 318 Β22
7 400 [407] ἀυτμὴν Σ 471. 230 237 271 433 460 482 512 880
ἀυτμένα γ 289 Ψ 765. Ζ42 290314 Η 50 101 147 173
αὐτοδίδακτος χ 347. 191 285 406 04 43 51 75 320 442
αὐτόδιον θ 449. Ι 12 116 139 218 281 301445450
αὐτόετες γ 322. 682 709 Λ16 235 296 570 650 Μ 27
αὐτόθεν τ.11.τ.αὐτός. 207 236 305 324 Ν 3 25 58 62 252
αὐτόθι v. S. τ. αὐτός. 426 448 642 678 729 Ξ 54 145 276
αὐτοκασιγνήτη κ 137. 462 O 120 132 234 321 457 610
αὐτοκασίγνητος Β 706 Ν 534 H 718. 646 725 H 172 230 239 497 551
αὐτοκασίγνητον Α 427 Ξ 156. [690] 834 852 Ρ48 178 231 254
αὐτοκασιγνήτω Γ 238. 322 473 506 541 616 623 630706
Αὐτόλυκοςτ399 405 414418 459 14267ι Σ26 132 194 371 450 Τ 89 316
Αὐτολύκοιοτ414 459 466 φ220 Αὐτο- Υ173 201 310 432 Φ 35 547 Χ9
λύκου 7 85 1430437455 Αὐτόλυκον 58 113 198 Ψ244 335 394415 434
1394 ω 334 Αὐτόλυκ’ 1403. 481 491 509 531 578 579 591 602
αὐτόματος Β 408. 734 H 140 156 185 191 223 280
αὐτόματοι Σ 376. 294 312 360 368 418 560 589 601
αὐτόμαται Ε 749 0 393. 691.
ΑὐτομέδωνΙ 209 Π 148 219 472 Ρ429 αὐτοῖο α 207 η 143 Α 360 500 Ε 170
459 474 483 536 Τ392 397 Ω 474 I 193 Ν 159 370 Ρ 300 (75582 67126
574 625. αὐτοῦ α 409 β45 δ 522 643 710 712
Αὐτομέδοντος Ρ498 525 Αὐτομέδοντι η21 70 995 207 211534 726369

 

