299

464 466 470 514 525 541 A 3 36
45 48 51 56 135 161 194 209235
239 371 412 442 569 600 619 623
630639 640 756 828 830 846 Μ 76
85 90 151 158 239 252 265 436 443
Ν 27 107 308 333 381 485 542543
565 611 654 665 822 832 834 Ξ32
51 57 165 229 254 284 308 350
354 361 381 437 441 449 044 80
116 263 305 321 358 385 388393
413 459 464 467 494 567 579 582
589 662 685 722 743 Π 69 120 170
199 201 223 247 310 382 392 395
410 413 547 567 579 608 612 664
700 751 754 Ρ58 85 107 210 235
263 300 400 4321818) 434 455 528
543 550 574 601 622 650 691 692
706 723 725 736 Σ 14 76 198 215
259 275 280 294 310389 422 447
461 468 496 501 504 529 594 602
612 Τ 71 135 160 275 277 279 301
338 Τ3 26 35 53 226 315 345 353
390 483 Φ 31 32 87 118 135 [158]
251 254 297 373 374 426 489 526
Χ 60 93 170 206 208 225 326 417
429 463 465 500 515 Ψ 3 42 53
59 65 112 143 188 226 232 251
256 274 290 320 332 356 393 689
727 731 759 766 776 840 853 876
883 892 Ω 1 10 38 43 118 146195
199 203 231 254 271 272 280289
295 313 336 351 392 459487 519
532 538 564 578 671 722 746 776.
41118218 γ161171408 η 104 3403
563 1428 1367 μ313 ξ92 357
π 315 833 131 ω 20 82 Α162 515
Β 523 Γ119 E 178 327 479 Ζ 15
Η 63 0180 334 490531 1425 539
Κ 18 304 389 510 531 A 274281
370 400 520 Μ 38 168 403 Ν 91
104423 762 Ξ 65 67 367 0248259
603 Π 18 261407 535 719 840 Ρ397
416 447 453 625 736 Σ 7304 Y 229
0110 445 454 Χ45 97 246 334392
484 Ψ 202 849 51272.

ἕπί - ἐπιβήτορα. 300

297 382 535 κ 55 56 62 96 140170
114511 1115148 1818151114) 548
μ 105 171 177 200 239 361 362
422 ν 60 74 419 ξ 43 105 136 403
420 453 494 ο 79 142 283 π 19 54
164 325 330 359 365 367 383 ρ 98
146 289 295 386 413 466 496 σ 56
110 137 239 358 τ 63 97 101 107
334 v 123 128 221 256 358 φ 134
149 177 182 376 431 χ 8 47 80
123 203 205 303 389 412 ψ 47 49
125 244 317 m 94 150 178 201 212
301 308 493 502 509 525 A 46 219
350 382 461 485 528 Β 6 18 39
89 150 159 270 312 413 424 526
793 797 Γ5 15 132 336 41218 273
418484 504 814 88 [41] 58 181
141 294 355 384 523 540 590 598
629 630 729 734 743 829 841 850
882 Ζ 25 79 121 375 424 Η 133
164 165 167 238 246 440 446 ΘΙ
222 224 225 260 262 263 265 385
434 511 172 91 221 317 349 360
403 488 506 620 I( 48 80 85 91
185 213 287 A 5 7 8 38 41 70
106 232 261 293 294 343 460 498
583 629 712 775 805 Μ 51 118
181 [118] 148148 188 841 815 448
Ν 12 187 234 281 309 326 332 359
604 675 765 799 800 Ξ24 77 157
401419 Ο 27 102 380 480 684 726
Π 137 430 462 649 661 702 770
Ρ 50 116 148 209 236 311 459 504
677 682 Σ 240 317 557 565 Τ 92
110 181 229 236 255 378 Τ50 151
176 227 228 328 392 395 Φ 17 148
248 585 Χ 153 156 248 Ψ 18 61
205 293 336 355 381 396 400401
406 514 574 742 744 784 816 821
Ω 82 190 202267 273 275 298 342
447 522 535 590 627 666 695 711.
ἔπ’β 58 8251 8537 Γ45.

18581 848118188 445 η 88181
ο 88182 π 375385 9151363 3395
616 Γ384 Δ 352 Ε 249 Η60 195

ἐπ’ α 98 104 149 162 183 185 190Ι 8110455516 1619 Κ27 568 Λ546

299 β 263 284 370 391 y 90 105
142 164 171 252289 353458 δ 67
’134 218 313 362 434 482 516 517
560 718 822 ε 17 46 59 82 84 140
142 149 151 158 163 164 200 239
277 420 425 489 492 ζ 52 75 138
252305 η79 120 153 160 288 0 71
484508 ι 83 85 128 129 182 280

Μ 81 184 114 181 458 8188 111
0 458118 11858418 Σ 581 1181
818888 11881814 ιι 841 858 445
85931858 Ν 881 881.

ἐπίβαθρον 8 449.
ἐπιβήτορα λ 131 81278.

ἐπιβήτορας σ 263.

 

