145 βροτός - γαῖα.

βροτολοιγοῦ Θ 349 Μ 130 βροτολοιγῷ ἀναβροχέν λ 586.

θ 115 Λ 295 Ν 802 Υ46 βροτολοι- ἀναβέβροχεν Ρ 54.

γὸν Ε 909 Φ421 βροτολοιγὲΕ31455. Βρυσείας Β 583.

βροτός ζ 201. βέβρυχεν 8412 Ρ264.

βροτός (fem.) ε 218 ζ 149 βροτὸς θ 239 βεβρυχώς Ν 393 Π 486.
μ77 3321 τ286 ψ 187 226 3267 βεβρύχει μ 242.

1333 3 381 Σ 383 855555 (fem.) 8383 3 88.

8334 βροτοῖο 4133112505 585 βρο- βρώμης ιι 177 373.

τοῦ Σ 85 βροτῷ d 397 ν 312 3821 βρώμηνιι 460 μ 23 302.
11604 βροτὸν8129 ζ1601121211248 βρῶσις ιι 176 3320 Τ210.
Μ 327 Τ 22. βρῶσιν οι 191 ζ209 246 248 372 3490.
βροτοίθ222 Α272 8804 Μ383 449 βρωτὺν σ407 Τ205.
Τ287 βροτοὶιι32 ε 197 ν 129 1330 βύβλινον φ 391.

360 1183 386 Σ 539 Ω 363 βροτῶν βυκτάων ιι 20.

366 282 337 β 216 (1 78 190 196 βυσσοδομεύων θ 273 4316 ρ465 491
692 ε 101 ζ119 153 205 916 487 v 184.

5405 5147 4 318418 ν 180 200 297 βυσσοδόμευον δ 676 ρ 66.
3253492 5563 ρ386 385 116 1107 βυσσὸν Ω 80.

170 365 567 φ 308 3216 267 Ζ142 βεβυσμένον 6 134.

11446 8428 Ν 374 Τ248 Ω 43 67 βῶλος σ 374.

βροτοῖσι 6 197 8 19 287 5341 5387 βωμός θ 363 Θ48 Ψ148.

5855 3148 5518 1158 545 518 βωμὸς 5 810 148 3 83 3333313313 ·

3838 855558555 5 8 58 5810 3138 33334183 3343 855555 187 A 448
386 3343 408 3285 Ν 244 569 βωμὸνχ334319 11440 6238.
Ξ 325 098 Τ2 (11380 463 Χ3176 βωμοίΛ 808 βωμῶνηῙΟΟ βωμοῖσιΘ441
Ψ439 Ω 533 βροτοὺς 11464. βωμοῐςγ273 βωμοὺςΒ305.

βρότον ω 189 H 425 Ξ 7 Ρ 345 Ψ 41. Βώρου Ε 44. -

βεβροτωμένα 8 41. Βώρῳ Π 177.

βρόχον 1. 278. βωστρεῖν μ 124.
βρόχοι χ 472. βωτιανείρῃ Α 155.

ἀναβρόξειε μ 240. βώτορες ξ 102 ρ200.
καταβρόξειεν 11 222. βώτορας Μ 302.

Γ.

1413318418433813888438813343 858 11 874 A 181 878 574 171880
5487 ο 31 5180 5111 885 888 181 Ν 884 ο 311 11 313 413 388 85
1841481 5888484 1133 8881484 3 313 433 3 83 118 188 184 318
8114 088188715 11833 3418 3333 434 3818.
1157 494. γαῖαν οι 21 54 98 290 β 221 364 y 117
555’ 5 113. 388 8888417 418833 848 558 833
55155 558 431 3131 3888 5 383388 515 38 38 314348 118 144 188 334
348 4 181 5 38138383 588 84 111 331 334 331 388 888408 488 4113
384 5 43 333 1818 3383 5 158 ξ 85 177181 138 333 [318] 881 5 8877
333 5 18 888 341 3 338 5 804 1333331888 588 13 138188333833
“ 1313143 13313 848 183 31848 5 33 33 131 433 483 414 883 118
478 A 858 388188 11333 834 888 333 488 3818 348 381 5 83 131 333
838 3333 334 331 3338 17 [814] 311 313 338 338 438 ξ 333 383 383
3313 1483 Ψ 480. 5 80 85 78 188 484 5808 5144 888
313 333 3318 3133481 588 888 418 588 588 181 148 857 884 5107
5185 4188488 5 188 851 884 854 118 858 878 884 880 338484 5 81
5148 815 5157 588 5800 3318 88 3 131 133 338 3133133113
5888 A845 1114 344 3113 834 383 343 3 108 887 881 888 A 854

 

