595

934 942 949 259 999 999 349 445
599 542 599 601 602 Χ 35 123131
141 157 900(bis) 201 207 224 295
299 330 368 Ψ29 218 230 278 513
520 564 [565] 569 613 624 641 642
653 756 779 797 850 858 866 Ω 22
162 237 248 470 509 584 631. ·
τοῑ9γ334 388 6410 999 258 ω 387
Α38οΔ28Ζ283 1469 1157 Λ261
322 620 Π 505 587 Φ 255 Χ 333

Ψ385 452 597 94 18 164 577.
τοῦ 931 55 168 215 220 328 359 617
2324134 γ’44 385 393 477 676

99 999 999 999 999 9 494 9 99999
999 9 999 9 999 999994 499999
999 99 9999499 ξ 99 999 999
9999999) 999 999 9 94 999949 999
9949499 9499999 9999499999
999999 9999999) 999 9 9 99999
9 949 999 499 χ 179 999 954 991
479 9 99 949 999 9999949499
A 49 949999 497 9 119 700 A 77
97 109 914 499 491 494 99 99 999
999 999 999999 999999 799 9909
999 11191 190979 9999999 199
909 999 9 99 99 999 999 999999
999999 14 994499 499499 A94 199
149 999 999 M 49 999999 Ν 949
999 994 999 999999 999999 9199
919 979 499499 9 99 999 999999
999499 991 999949 707 17 949 991
490 597 799 P8 111 904 977 999
909 T 999 995 9 99 99 999 999
999994 171 999999 995 459 1499
999 997 401 405 994 999999 999
999 99 994 999 999 999 599.

0.

99 9 999499 9 99 99 994949 9499

9 99 999 999 999 949994 9 94999
499 949 99 999 9949 99944 99
107 999499 999 994999 494 9949
999999 μ 49 999 994 494 499 9 99
94 79 ξ 999999 9 999 9 49 49 449
999 99 999 999 994949 9999 9999
999999 999999 499 499 499 999
999949 9949999 9994 9999
999999 997 9 99 A 99 999 9 99
999 944 594 549 545 959 559 977
909 990997 949 944710 797 745 749
. 759 795 917 999 979 999999 A 10
79 104 197 907 909 999999 9101
999 401909 9999) 999 z 51 999
999 999999 999 999 999 9999999
995 449449 1 74 909 999 519 999
994999 9 99 999499 A 499 447

566

9999) 999994 999999 994 M 99
Ν 999 999 994499 994 999 999
449 499494 499 999 9494 999999
999 99 949 949 999999 999 9999
999 999 [999] 999 Σ 99 999 999 999
999 99999999 999 999 999 9 99
944 994 994 499 x 197 490 Ψ 999
999 9999999) 999 999 999999 999
999499 994999 999999 94 909 995
999999 999999 999 999.

999 9999 9 959 9 999 999949 9999
9 999 9 949 9 94 9499 999 9 999
499 ξ 999 9499 9499 9 999 9949
499 9499 9999 A 401 949999
9749 Γ 999 A 459 501 9 999 999
994 z 9 9904 1994 14 999499
M 499 N 177 599 9919 499 495
9949 999 999 999 99 999 459 577
999 999999 9 999 9999999 9409
4790 9999) Ψ 99 9 999499 949
999 999 771.

999 9 99 99 44 99 999 999999 999
994 999 999999 499499 499 β 99
99 99 999 999 999999 949 999
999999 999 9 99 9999999949
999 999 999 999999 970 909 959
997 9 9 99999 199 999999 990
915 999 997 414 510 594 594 559
599 941 949 990 9 99 999 999
190194 195 151 199 999 999 919
999499 499 9999 999 999 9 99
9994999 999 999999 949 999
999 999 9999 949999 999999
999 949 994 999 499 499499 494
999999 99 999 999 999 999 999
999 999449 499 999 9 99 999999)
999 999949 9 99 101 144 947 954
999 999999 519 559 999999 9999
994994 99 49 99 999 949 999
999 999999 999 999499 ξ 9 99
99 99 999999 949 949 999 999
999 999 999 999 999 990990401
414 490 499 449 507 9 49 49 99
99 99 99 110154171 999999 971
979 995 940 951 990 999 494499
491 495 509 519 599 595 549 944
549 555 9 99 99 99 99 99 99 99
999 999 949 999 999999 999 949
999 999 999 999 999 499 494 9 99
99 99 94 94 94 99 199199 999
9999999) 999 949 999 999 999994
999 999 999 999 949 999 999999
999 499 449499 499 999999 944
999 999994 999 999 999 99499

 

