809 ὑετὸν - υἱός. 810

6600ος ε 266 475 ι209 1514 μ306
0537 8755 0369 Π229 Φ300
312 Χ 152 ὕδαιιε 70 ι 3921520128
μ363 χ439 453 0045 11425 Λ830
846 (11258 Χ149 Ψ282 66000110
146 γ338 429 6 213 216 359 478
511 ε 100165 ζ91 9426 436 ι 85
227-470 ιι 56 108358 μ104 172
236 240 431 ν 409 0294 0387 υ 153
φ270 8752 825 Γ 270 Δ 453·Ζ 457
115171174 Μ33 8271435114
161385 Ρ747 Σ347 Φ 14 [158]
12 303.
ὕδατ’(α) ν 109.
ὑετὸν Μ 133.
υἱός 0181383419 6235 415 γ 64111
189 448 6 21 188 303 641 θ334ι197
1318 ξ499 [515] 059 337 ιι 48 178
308 363 395 0477 042 284 [413]
0270 φ140 144 256 335 χ141 350
ω 243 370 515 526 A 9 489 8564
638 727 736 756 826 Δ367 395 879
101 179 184 229 235 241 276 283 376
406 565 631 683 Ζ 130 144 Η 167
*0118 265 11229 314 412 426 487 494
Λ518 605 785 814 837 Μ 182 Ν 400
663 701771 Ξ 520 0281 Π 522 626
665 849 Ρ79 288 429 474 Σ 12 1326
11152 Ψ 289 302 472 538 541 755.
016ςο 217 β 17 γ167 352 6 157 169
186 555 630 648 660 789 θ 114
1270 ξ317 0 [63] 141 144 256554
ιι11339ρ32125450310283φ36
432 χ159 191 ψ43 0151 305 492
8552 566 624 672 705 741 746 847
Δ228 403 Ε25 95 105 163 246 247
319 335 396468 Ζ23 119512 H 23
37 1543 1150 57 196 Λ338 575
Μ 1 331 355 Ν 177 299 643 690
694 Ξ 166 250 338 463 0111 333
ι 338641 Π174 197 307 571 718 720
804 Ρ9 197 284 293 326 467575
Σ 16 182 103 208 Φ 41 97 139 369
579 Ψ532 596 665678 16141 599.
υἱέοςγ489 64 1174 0 187 σ 162
16122 01ος 1 452 0397 υ 218 8230
Ε 266 ·Ν 522 ’Ξ 9 0116138 Σ138
1324 Ψ746 16 422 550 υἱοῦ χ 238.
υἱέι γ369 65 1001438452 ψ61 (0213
Γ174 0455 Φ141 16112 υἱιὶγ369
Σ144 458 181 Φ34 υἷι6143771
1273 ξ435 820 791 Ν216 Π177
11302 ἰ11383. ι
υἱέα Ν 350 0106 765 ν 259 υ 35

Μ 129 0419 427 υἷ’(α) Ν 185 υἱόν

, γ 190 0324 1568 576 ν 413 ξ 123

164 0194 519 0214 τ368χ216
ω 505 A 505 8406 Δ 98 115 194
195 365 Ε 69 108 232 343 480 612
688 843 881 Ζ154 366 437 H 179
1 84 583 1111οΛ490 563 591 Ν 67
171427 759 0430445 515517 526
576 639 Π 14278 401 586 595 Ρ115
306 312 653 14 117 Y 396 484
11330 378 1135 90 Ψ634 1647
227 237 583 737 υἱὸν 0 88 8386
0398 669225 028 0170 018
ι505 [531] 1103 142 540 ν343 360
024103 0118190 0111 0025
A 21 510 Γ37 307 Δ 89 327 399
473499 843 49 59 77 154 169 314
318 377 672 675 Ζ8 96 203 277
474 118 0120303 362 1455 651
11175 516 Λ197 Μ188 292 Ν451
519555 Ξ 451 490 067 239 522
Π185 192 447 604 738 827 ΡΙ 59
89 345 553 590 602 681 Σ 55 326
436455 124132 1219236474
(11546 Ψ391 16118146195333
0893351478036827724611159
A 131 Ν 249 Π 21 203 Τ216 υἱὲ
6462543 823 60 Δ 93 338370
1147 0152 1202 11509 Λ200
450 0244 Σ18 12 118 250..
01ε8679 822 831 843865 Μ95 99
υἱι (accus) 0 242 Ε 27 152 542 Λ 102
329 1460 υἷ’(ι) Ν 792.

υἱέες 16 0414 430 437 459 8518 641
666 E 10 Λ138 692 Π 449 16604
υἱεῖς 0248 00387 497 υἷες β51 γ104
139 325 412 6285 162 9514 ν 315
ξ201 240 0153 ψ220 038 A 162 237
276 368 392 Β 253 281 512 621 722
Δ 114 Ζ255 11403 13050 670
695 11165 A 262 800 Μ 56 Ν 146
220 Ξ 421 0675 Π 42 56 328 698
Ρ23 Σ200 444 1317 Φ 376 544
11369 16399 495.

υἱῶν w 223 Φ 587 1144.

υἱάσι γ 57 387 ξ206 ρ 113 Ε 463
0197 16546 υἱάσιν γ 32 17 0466
φ 22016 248 υἱοῖσιν τ 418.

0ἱὲος 6 211 8693 11149 Λ123 111175
181 16205 521 υἷας β 115 198 ξ 229
τ394 χ221 Λ240 872 83129 193
195234 370 8159 614 140 82247

 

