293 ἐπαιγίζων -· ἐπεί. 294

313 135 53 433 135 α 444 ε 54
3333 κ 553 555 ι 333 3 343 φ 331
A 333 3313 3443 N 333 Σ 430
31333 ᾗς Α 335.
1545 315 31135.

358 364 ζ 33 47 93 99 167 187 191
279325 η167184227 2283401972
91 143 196 232 236 360372 397
446 451 454 485 543 585 587 135
296 347 352 362 478 ιι 58 75 7987
112 152 170 181 213 219 237 318
364 414 453499 134 54 98 151 249
264 282 385 390456 615 14113 72
175 205 218 227 260 308 364 ν4
48 133 159 228 259 297 316 ξ 18
69 111 175 212 368 404 454 467
481 ο 92 96 143 253 303 346 375
489 501 π9 24 55 78 288478 480
ρ42 88 99 270 273 284 348 416
4521513) 499 551 574 590 σ 63 126
174 205 242 248 355 404 427 57
88 93 95 120 141 213 239 251 314
485 505 ν 59 86 90 109 156 181
205 223 264 279 331 362 367 391
φ 57 73 83 88 106 171 222 273
278 297 319 375 405 χ 71 119 408
ψ53 88 92 188 209 214 225 258
260261 267 291 300 354 ω 95 131
205 207 254 261 384 388 390 400
489 Α57 112 114 119 132 153 231
274 278 281 381 464 467 469 515
576 605 Β 16 115 317 427 430 432
Ι 614 661 Pl 4 39' 214 306 340

ἐπαιγίζων v. s. v. αἰνίζων*.

ἐπαινὴ 1 457.
ἐπαινῆς κ 491 564 ἐπαινῇ κ 534 147

ἐπαινὴν 1569.

ἐπαίτιοι Α 335.

ἐπακτῆρες τ 435 Ρ135.

ἐπαλλάξαντες V. s. v. ά11άσσω*.

ἐπάλξιος Μ 406.
ἔπα1ξιν Μ 381 397.
ἐπάλξιες Μ 424430 ἐπάλξεσιν Χ 3 ἐπάλ-

ξεις Μ 258 263 308 375.

Ἐπάλτην Π 415.

ἐπαμοιβαδές ε 481.

ἐπαμύντορε π 263.

ἐπαοιδῇ τ 457.

ἐπαράς I 456.

ἐπάρουρος 1 489.

ἐπαρτέες (ἑταῖροι) 9 151.
ἐπαρτέας ξ 332 τ 289.

ἐπαρωγὸς 1 498.

ἐπασσύτεροι π 366 Α 383.
ἐπασσυτέρους 31355] Μ 134 15 413.
ἐπασσύτερον (nom.) A 423.
ἐπασσύτεραι A 427.

ἐπαύλους ψ 358.

ἐπαυρίσκω v. 3. v. αύράω*.

5451331131) α 223 244 263 342 119
327 378 398 407 γ 103 447 5233 428
573806 ε131 η 29 35 205 242 249
924502053715155161534611
343 μ 334 353 331 ι 53 ξ 3334311
3260 276 277 366 438 515 π 91 (ἐπεί 1
311113335153531553 353 33551
399 ,ω 43 349 421 440467 500 Α 2991
352416 458 484 Β 171 421 Γ59106
41476 2222 333 355 Η 288 1215
11574Λ871ἐπ31τ’) 2254985621ἐπείτ’) 777 Ξ 141 207 306 359 403 Ο 1
641 Μ 393 (ἐπεί τ’) 407 Ν 68416505 11 181 252 270 279 320 363 432
775 Ξ280 340 383 510 0165 242 4181 473 591 680 716 Π 55 190 211374
11206 1615] Ρ577 647 Σ 436 Τ307; 394 425 427 507 563 639 660 762
4193 483 Ω. 423 547 557 684 790. Ρ60101 114125147 150168 243 270
ἐπεὶα 2 37 150 160176 177 205209 382 406 603 641 Σ55 80 90 98 101

220 226 238 297 299 370 396 β 96 133 225 235 292 330 333 614 Τ 19
135 155 199 278 282 297 372 347 137 157 219 Τ47 201 216 270318
340 432 Φ 26 91 95 146 163 201

65 67 70121130133 166 197 244Ῑ
250 322 342 358 368 373 395 455. 309 377 383 440 Χ 13 19 104 159

A 217 244 269 271 382 510 Ε 27
64 157 176 252 441 510 536 573 ¹
636 686 880 Ζ 77 140 158 349382
426 444 474 504 522 Η 27 31 105
148 192 196 198 218319 323 Θ 164
269 343 397 483 1 22 59 92 119
177 195 212 222 305 316321 341
344 356 418425 436 486 685 K 45
79 91 96 210236 247 272 296 411
448 500 Λ 100 267 278 318 323
402 595 642 721 745 780 Μ 13 83
105 212 270 321 345 358 420 Ν 1
174 309 382 447 627 737 746 757

461 466 470473 (1 47 49 68 95 106
204 260 352 490 15111 523 541544
583647 811 ε 95 137 153 201 212

333 353 453433 453455 433 313

344355 135153131353443 433333

353 333 543 313 33 14 43 13333131)
10*

 

