337 0334. , 434

404 413 4144 443 344 414 1< 33 443
444 Λ 443 043 414 M 50 333 331
44444 430 434444 444 443 444 0144
444 444 44 413 440334 337 344433
(4444144403 3133 134 141 T 444403
44430114) 0 53 143 303 330 410 441
143 ³373 333 340444 443 54 4 14 44

44 413 335 414 413 430 433 433 540
551 443404 410431 444 404 444.

00033113303 y 133 144 444 443 335

0 343 3 5 130 144 144 130170
315 433 433 437 ρ 14 44 144 141
144 434 441444 444 430 σ 341
, 443 355 330 4 133 400 443 434301
443441433 v 141 414443 4433
414 χ 44 41434434 ψ 104104
140444 444 441 444313 4 140
443433 434441 440 A 30 35 37
130 131 330 333 313 330334 533
537 573 3 133 170 330 333 413

3 33 401433434 305 3127 313(373)
313 4140 401 370 η 113143410
3 144 144 443 430 431 444 343 443
444 4 44 44 143 144 144133130
444403 κ 344444 4 143 133444
554 μ 43 44 (bis) 114 114 144 5 301
303 414443 333 413334 ξ 41 34
33 130 413444 434 444 444 0 33
73 37 373 437 ρ 114 444 443 433
3 4 315330341407 4444 433 v 334
373 φ 43 (334) 34 134 414 344 χ 44
144 444 304 341 414 444 33 33134
443 3 33 4115 113 154 333 3 33
773 334 Δ 44 144 444 444344 334
444 414 4 44 143444 431 443 434
475 434444 335 4344 433403
43440 0144 144404 431 753 44
433441 340 41 4434114 131414
444 440 Α 44 334 343 43 35 33
130 133 173 347 333 333 404 44444
404 444 344 434 344 4144 414 443
443 414 337 434 473 503 0103 134
403 413 033 357 444034 4434104
334 434 444440 434 314 3175 331
440401 434 404 444 441 Σ 344 444
4 43 140 410411 4 44 444 444444
4 44 134 134 (444-4444) 441 304
401 444 443 444 x 153 333 3133
411441344 435 433 414441 444
313 43 33 (414) 443 444443 434 444
033’ 07 13 404410 β 34 44 43 410
444044) 444 443044) 434 434 413
414 340 334 413 y 14 114 143 443
441 343 3 133 444 444 440444 443
340444 404 444 414 443 443 344
444 30 31 144 144 144 344 404
7 33 114 3 134 133 313 333 335
333 134 34 114 144 147 303 330
377 333 535 κ 43 44134131134
414 444344 4 43 134 143 133 334
343444 514 517 μ 14 44 43 34

441 488 489 642 753 Γ 59 170190
215 302 348 368443 Δ 68 198 224
245 437 512 Ε 17 21 94 233 287
319485 621 645 651 674 719 767
803 816 Ζ 99 139 141 180 333 371
407 519 Η 43 160198 217 259 427
Θ 22 97 112 126 234 246 381 445
478 482 [551] Ι 116 234 372 375
379 3810414) 385 389 401404441
445 Κ 47 115 129 311 324 336398
515 Λ 71 195 236 350 352 376
380 451 504 516 665 716 Μ 3 73
106 113 169 184 222 238 290327
329 351 364 406 460 Ν 10 28 30

, 70 104 106 117 160 289 302 324

344 371 395 397 410 419 476 510
521 645 702 712 715 761 37180413)
51 5880135 141 277 317 319 321
3230414) 326 327 344 374403 078
107 168 215 236 240 274 674 706
708 Π 60 323 458 479 522 601 638
659 676 709 731 737 771 814 852
Pl 9 44 66 89 168 246 363 373
399401 491 497 565 626 637 656
697 702 Σ 90 91 102 185 215 238
330 Τ 77 107 188 322 41433144
112 183 347 264 266 361 369 398
421 426 487 Φ 50 130 147 358 366

¹ 434431 594608 Χ 78 8891126 ·

136 201 206 220 279 290 293 301
328 349 351 356 371 445 Ψ 100

346 388 527 603 670 690 835 863 ’

ἓὲ5 0 92 115 120 136 339 411 462
9 67.

οὐδὲ γὰρ οὐδέ θ 32 44 327 Ε 22 Τ295.

4404 γὰρ 4403 z 130 Σ 114.

4443 γὰρ 003¹ 37 333 33.

οὐδὲ μὲν 4. 4. v. μέ .

οὐδὲ μὲν οὐδὲ φ 319 K 299 Μ 212 Ρ24.
0334 μὲν 033’ 33 551 3703 733.

0333 44 μ 334443 χ 44 140 4444

H 110 Ω 71.

107 197 362 ν 125 243 254 277 οὐδὲ ποτε ε 39 14131 ν 137 Ε 789

294 ξ 56 82 92 125 140 223 392

0408 Π 644.

 

