ἀράβησε - ἀρασσεν. 32

333434 4433 33 333 433433 41103
334 311 33 333 443.

ρρ 4 333 333 3334 334 4443 333
334 333 334 3 23 4133 343 333
333 η 34 310 44 34 433 433 333
333 443 433 433 433 4 32 433 333
3343 ξ 3 333 343 443 443 013 30
3 3ο 434 333443 ρ 433 433333
333 3433 333 333 333433 3 43
334 143 134 χ 333 333 344 333
ω 344 334 333301 A 33 113 330
403 430 300 34 34 43 33 343 333
1131 343 333441 A 313 413 413
13 43 33 33 333 233413421 333
344 331343313313132 3 43 131
113 330 14 43 43 333 344 3433
200 300 333 1333 333 14 313 312
332 434 433 132231 343413432

310433 333 34 113223 [223] 302
304 321 333 431 433 1213 [433]
334 314 14 33 33 333 333 333 333
333 334 333 333333 344 333 A 3
3434 443 333 343344 333343
333 M 103 433434 133 234 233
333 Ν 33 33 433 333 334 334 333
333133 333 33 433 433 333334
333 333 334 433 434 433 310 033
113 133 330 413 433 443 330 332
313 11 113 221 313 434333 333
[313] 130 1340 330 332 333333
311 333333 333 333 334334 333
344 333333 343 4344433333
343 434 03 34 33 443 444 434
434 333 333433 434 334 1411 323
400 4422 331 121 133 333333
333 31 34 433 433433 343 [1301.

433433 303 311 144 M 132 301 303012443323 4304 3142] 33 334 .
330 443434 Ν 433 443 334 343 343 3333 Ν 433 333 344.

352 356 364 410 514 554 644 646

ἀμφαράβησε Φ 408.

343334 3⁴33 43 343 333 434443 3ραρρς 3 333.
434 433 344 3 434 333 333431313313333343311.
443 431 344124 11120 223 243 ἀραιὴ κ 33.

328 426 577 750 Ρ110 200 213
342 516 578 Σ163 491 Τ424 Τ77

ἀραιήν Ε 425.
ἀραιαί >341 11 1³37 ἀραιῇσιν Π 161

333 343433 0143 200 233 233 ἀράρισκε (ips.) ξ 23

344 433 433 330 1430 131 213 233
301 331 333 443 4424 443333 333
343333 τι 433 333 433 343334
ρ’ α 30 123 121 134 444 33 43 34
443 333 333 333 334 433 434 7131
441 433 3 43 133 233 430 304 303
313 303 3195 321 322 333 433 413
43 120 43143 233 324 3033
144213211 433 433 433 4 113
κ 434 242343331 433 333 34 343
343 333 333 233301 433 μ334
334 333 331 424 v 10 130133 131
201 330 3330 412 3434 334333
433 4 33 433333 341 333433 432
ρ 33 33 43 33 33 433 302 410 304
0859 200 323 343 333 423 1429
441 433 333 331 ρ 33 434 ρ 33
3333433 113 131 334443 1321
334433 3433 343 3 3 443343
333 434 443 433 333333 A 433
434 433 333 333 33 211 213 303
342 421 332 123 142 132 311 113
234 344 333 A 43 33 343 333 443

ἀρσε φ 45 ἕπηρσεΞ 167 ἕπῆρσενΞ 333.
ἀρσον β 289 353.

ἀρσας 04 280 ἄρσαντες A 136.

ήραρε 3 95 ξ 111 A 110 Ψ712 ήρα-
ρεν δ 777 ἀραρον Μ 105 Π 214.
ἀράρη Π 212.

ἀραρὼνε 252 ἀραρόντε ιτ 169.
ἀρμενον ε 234 Σ600 333443. ntr. 3254.
ἀρθεν Π 211.

ἀρήρῃ ε 361.

ἀρηρώς ιι 553 ἀρηρότος A 213 ἀρηρότι
A 134 ἀρηρότα 0530 ἀρηρότες β 342
Ν 800 0618 ἀραρυῖα ζ 267 σ 378
Ο 737 Ω 318 ἀραρυῖαν ζ 70 χ 102
155 258 275 Ε744 Ν188 407 Ξ181
Σ 611 Τ396 ἀραρυῖαι β 344 σ 294
ρ433 343 M 134 Σ 333 ἀραρυίας
φ 236 382 ψ194 Γ331 Η339 438
1475 Λ 18 Μ454 Π 132 Σ459
Τ370 Φ 535 ἀρηρός Λ 31 31363
ἐναρηρός 3 236 ἀρηρότα η 45 προσω
αρηρότυ Ε 123.

ἠρήρει Μ 56 ἀρήρει ρ 4 Γ 338 K 265
Π 139 ἐπαρήρει Μ 456.

447 459 467 501 524 Ε 334 587ήάρασσεν 3 248

612 708 715 735 780 802 849 871

Ζ9 158 167 312 314 402 Η55 256

αραξ 01 Ψ 673.
ἀρα ξεμ412 422 Μ 384 Π324 ἀραξ’

 

