153 γάστρην-34 134

231 247 252 367 372 434 511 522
γάστρην θ 437 Σ 348. 527 541 565 584 Κ 59 169 236 242
γαυλοί ι 223. 302 403 447457 504 Λ 136 226 238
γε α 10 46 47 195 203 210 215 222 365 366 452 455 478 762 765 787

223 229 331 390 443 β 11 12 24 31 813 Μ 99 166 217 240 245 263 277

γαστέρες σ 44.

43 62 76 115 126 204 279 327 372 290 298 394 Ν 70 95 100 105 117
434 y 114 115 122 124 182 2141217 222 287 294 302 319 406 465 485
224 227 232 259 298319 353 367 469 518 538 620 662 744 786 825 Ξ 91
0 32 62 79 193 195 200223 255 266 126 175 191 196 221 244 247 248
293 347 366 481 495 538 546 747 335 342 396 398 432 480 483 051
810 821 836 847 ε88 90 140 178 53 74 110 139 211 212 228 256292
206 211 226 248 261 386 397 ζ 84 349 360 383 401 418 476 508 523 676
107 151 154 182 221 286 309 [313] 708 Π 30 33 61 94 187 453 796 Ρ27
3134 68 73 75 195 196 199 201 208 65 77 102 122 130 146 206 270 340
214 275 315 051 134 139 180 209 363 391 399 408 441 448 488 489
310 313 315 351 414 451 453 488 497 502 523 538 620 693 705 Σ 21
127 131 191 241 264 311 344 393 101 128 153 193 254 259 306 380
431 448 458 529 554 14 7 49 208 214 386 425 427 Τ 32 42 93 94 164 205
306 343 438 486 496 505 4113181 209 218 305 327 340 344 408 Τ 98
190195 264 310 311 312348380033) 179 182 200 210 211 266 425 431
391 430 444 447 449 450 488 506 452 453479 493 Φ693103105 113
μ55 61 69 78 106 188 197 280 379 192 229 291 315 357 439 463 495
441 3128230 248 254 256 271 328 611 Χ 20 33 86 90 92 266 280 298
356 393 407 421 ξ 61 81 119 198 301 302 304 348 352 357 371 387
226 235 291 512 0 68 83 152 155 420 487 488498 Ψ5 35 77 144 150
225 255 327 359 386 435 449 491 156 173 217 332 339 344 374 440
513 33 23 37 64 85 95 136 142 157 461 469 494 515 587 594 621 626
197 267 302 318 325 373 400 447 710 834 875 894 (bis) Ω 52 66 122
041 62 63 138 186 193 244 253 281 198 207 214 244 259 288 334 379
312 386 389 400 401 475 497 514 411 426 430 490 530 540 573 575

380 106 123 142 149 164 170 180 642 683 784 795.

303 333 334403 333 33 33 133313
334 333 313 403 403 434 433433
333301 333133 143 133 300343
330 φ 33 110133 170 133 303313
330 416⁷ 815 818 334313 333 333
333 333 430 433 ψ 31 34 134 [133]
133 133333 333 8 31 33 333 331
334 333 333 433 433 430 333 Α 30
31 33 180173 134 130 313 333 333
333 333 333 330 330 333 333433
303 333333 33 55 130303 314 333
. 388 480 588 577 334 334 303 303
334 333 343333 303 313 333 33 31
143 130 133 303 403433 Δ 33 431
330 331 333 333 374 531 13 33 341
133 131333 333 331 331 333 3301
403 443433 313334 303 333 333
333 784 887 858 887 z 18 133 133
133 133 133 133 133 333 334 333
413413 433 17 33 113 143 130 1331
133 331 333313 333333 33143
133 133 334 311 333433 433 443
430 433 313313 3103 (313) 133 303

3333333133 43 4314333 3310 330
3333 333 8485 7517 8187 0 333.
γ’ 34 33 31 133 313 333 333403
β 31 103 133 133 133133334 334
333 374 γ 30 173 881 348 357 08
74 110 137 180 188 854 888 388
435 477 588 585 785 780 837 888
33 33 133 133 303 888 108 180
883 888 016⁷ 333333 143 133
133 303 330 413 443 433 3103
113 183 175 333333 388 411413
458 477 585 587 33133 314 334
333 330 343 330403 [433] 3 133
804 388 408 444 484 588 838 5114
187 818 850 855 ν 3 31 33 113
134 133 133 301 334 333 333333
433433 ξ 33 133 133 333 334 383
488 588 0243192 100310 333 330
333334 3 41 103 130 134 313 333
333 300 303433 33013) 103 143
133 333 301 303303 333 434 433
430 433 333333 3110 334 878 888
385 333403 3121127 815 835 881

 

