745

στύξαιμι λ 502.

κατέστυγε Ρ694 ἔστυγον κ 113.

Στύμφηλον Β 608.

Στυγὸςε 185 4514 5755 5355 Ξ 271

Στύρα Β 539.

στυφελίζετε (iptv.) σ 416 v 354.
στυφελίζειν Φ 380. .
στυφελιζομένους 77 108 υ 318.
ἐστυφέλιξε Ε 437 Χ 496 ἐστυφέλιξεν
ρ 234 στυφέλιξε H 261 M 405 Φ 512
ἀπεστυφέλιξεν Π 703 ἐστυφέλιξαν Π 774
ἀπεστυφέλιξαν Σ 158.
στυφελίξῃ A 305.
στυφελίξαι Α 581.

σύδ376 379468 θ 180 4412 452 ιι 285

330 486 μ 106 ν 299 0 24 327 77 150

304 ρ455 576 4121 385 χ376 ψ227

A 393 508 Β 761 A 34 339. Ε 130 237

v 350 429 812 827 Ζ 123 363 412 429

H 294 8423 1231 522 11237 481

A 787 Ν 294 447 049 95 229 247

Π 17 89 523 Ρ166 488 691 Τ34

19106 229 Χ 485 Ψ 894 Ω 290 364

387 398 727.

σὺα 301 6183 201 251 285 288 350
γ199 247 313 316 368 6 148 200
274 388 395 408 480 485 497 547
551 599 602 743 425 29 173 205
218 ζ 289 η 50 163 301 318 θ 145
197 347 402 413 468 548 4350 356
365 κ 271 294 297 443 1250 374
375 441 618 μ37 220385 ν 61
133 297 307 349 385 ξ 131 185386
013 27 76 128 318 540 545 π 82
130 132 142 188 194 256 259 270
277 281 283 299 420 421 ρ 22 194
275 278 375 379 548 557 599 σ31
106 129 175 327 369 444 81 236
313 325 352 367 381 482 495 500
570 598 v 20 181 336 φ171 193

’ 234 χ54 166 217 312 344 367 417
431 482 5351 ω 39 93 248 265 321
333 339382 Α 76 83 86 127 146
158 214 243 275 277 280 282 297
401 421 522 550 582 Β 33 70 201
256 344 Γ417 A 39 61 6364316
355 Ε 228 230 259 261 875 246
55 86 225 269 279 329 334 4301

[Η 24 115 357 835 185 204 374
[466] 133 69 (bis) 109 255 259 262
301 513 600 611 617 639 K 125
164 167 176 238 453 Λ 131 653
790 828 Μ 164 231 244 248 366

Στύμφηλον - σύ.

750

N 751 750 555 :55 54 145 155155
555 554 050 55 45 544 555 574
570 7755 50 444 515 544 544544
550551 575 145 170 505 475 545
717 4 45 444 445 455444 5174
151515515 5104 175 505 510 444
ο 74 44 44 150 444444 555 555
557 444444 445 451 555 X1015
55 555 454 444 444 444 444 445
²5 50 145 515 444544 507 555
1555 575 500 555 555 505 755 771.
715551E485 5555 51557 1754 710
‹14705 151 5216 4455 4444555 0 155

44241 υ201376 4439 Γ137 365 ’ Δ
5411 2525 160 437 444 A 841

0569 Σ 358 392 Τ218 Χ 253 288
Ψ 439 588 Ω 502 686.

51'06180 1369 4363 8201 248 Γ446
Δ174 5173 2328 Η114 457 8483
197102 Ν632 Ξ 328 0181 17709
722 Ρ168 Φ 107 45 434.

σεο A 396.

σεῦ 4278 405 419 4489 Γ206 ’

Ζ409 411 454 Η 111 8482 77309
327 Σ77 333 7185 Τ334 11432
Ω 371 750 754 767.
σευ v 551 5455 t 105 515 5 57 54
Ε811Ξ95Π31621Ρ173Φ475
σέθενγ213 0150 393 ε177 555
77 31 94 τ 372 377 υ 42 232 A 180
186 A 127 169 Ζ524 Η 231 8477
Π539 Σ337 Τ434 Φ331 Ψ23
312 Ω 490. ·
σεθεν Α 230.
τεοῖο 837 [4551
σοι’ α59 11126 6595 1154 1444 μ280
452 (49454 σ225 4496 χ226 5155
257 Α 158 159 163 557 Δ58 8878
8201 1252 316 A 452 765 Ν 454
0553 Π 33 Τ148 Φ 357 358 463
11357 513 Ψ144146 594 34134 683.
σοὶα 279 305 318 353 687 111
192 285 y 50 85 357 359 382
5551 601 747 ζ27 39 60 180 190
44306 9150 176 410 ι12349 44329
337 419 λ367 439 44217 ν144
230335 391 0 168 488 514 4583
594 σ266 φ240 305 χ168 324 360
575 103 361 01 28 91 123 4155
167 178 294 296 299 443 3802
Γ 51 63 A 38 43 63 Ε 244 405 490
648 652 809 875 256 224 229 462

 

