125

359 Τ54 Υ2 Φ323 Χ336 Ψ211
274 440 540 552 661 703 737 840
869 Ω 402 454 688 800.

Ἀχαιοὶ y 149 203 δ 145 ι259 4556
v 166 271 277 φ418 0357 ω 68
Α22 127 135 163376 389 509 3222
227 284 472 Γ8 43 79 A 172 261
351 415 Ε 451 484 502 668 Ζ 229
409 Η 41 85 311 430 448 459 476
853 510 Λ21 70 326 626 759 Μ 78
118 226 259 Ν745 549 59 99 070
232 235 326 343 405 427 498 636
699 Π499 601 770 780 Ρ266 277
370 666 Σ6 148 151 231 241 263
314 T 61 74 85 173 317 351 Υ42
Φ4 320 X3 ΨῙ 120 246 766. 822.
Ἀχαιῶν α 286 326 394 401 β 87 90
115 128 198 γ 79 104 139 185 202
411 6106 248256 285496 078 489
514 κ 15 4179 478 μ184 ν315 ξ229
240493 0153 274 π76 133 250 5413
415596 662 205 286 289 301 τ240
528 v160182 (32324344 296 1220

’ 038 54 86 Α 12 71 91 150 162

227 229 237 240 244 276 305 347

368 371 384 392 412 454 473 478

484559 Β48 17 47 72 80 82 83

120 129 161 163 [168] 177 179 187

193 195 231 234 253 281 303 334

346 370 372 437 439 450 562 702

722 Γ82 127 131 165 183 229 251

266 274 297 319 341 A 65 85 114

156 179 184 199 205 209 333 334

347 417 471 543 Ε 103 379 414

Ἀχοιιοί - Ἀχιλεύς. 126

698 822 Ρ224 261 319 336 343
358 414 475 552 586 623 643 645
689 691 758 Σ76 105 200444 Τ145
156 196 206 216 248 303 388 Τ17
60 317 339394 0134376544 Χ65
156 339 369 391 417 465 487 Ψ36
156 285 575 606 651 668 Ω 118
146 195 199 203 225 336 385 404
495 501 519 564 650 734 737.

Ἀχαιοῖσι X 217 Ἀχαιοῖσιν φ 428 Α 284

4221352[461]Λ11294Ξ151Τ274
Χ 259 377 ,Ω 243 Ἀχαιοῖς Α2 Ε 86
465 0487 74174 Ν426 Ρ396 Χ117
Ψ 649 792.

Ἀχαιούς β 7 72 106 γ131 137 6288

ι59 1509 ν317 ξ242 τ 151 5146
ω49141426438 Α 15 61 374 351
443 530 Γ 68 234 264 343 370 Δ70
80 268 414 Σ 264 324 862 2529
Η35 49 57 172 294 0219 244336
Ι( 52 145 172 210 287 411 Λ 141
533 Μ 70 288 Ν 83 125 227 310
401 629 Ξ [70] Ο 6 44 230 261
376 702 Π 22 79 569 599 Ρ274
433 458 596 724 Σ 294 302 Τ34
4169225 224 Ψ721815 52364
Ἀχοιιοὺς α90 272 β204 γ141 π376
σ259 Α409 31128 65296 Γ88
156377 A 66 71 514 Ε 32 8196
341 498 11 75 242 A 609 Μ 125
141 165 Ν15 3124 061135 Π553
Σ 215 446 Τ63 160 Φ 413.

Ἀχαιοί A 17 Β 235 323 331 Γ 304 Η 67

96 2354 Ψ 272 658 Ἀχαιοὶ Γ 86.

497 573 589 758 803 Ζ 1 5 50 52 ἀχαρίστερον v 392.

73 98 106 223 255 368387 454502 ἀχάριστα A 236.

Η 50 65 106 184 211 275 289 299 Ἀχελώιος Φ 194. -
306 331 403 406 434 444 463 465 Ἀχελώιον Ω. 616.

Θ 52 71 72 73 76 80 98 220 380 ἀχέρδῳ ξ 10.

18 30 40 49 71 89 118 198 247 ἀχερωὶς Ν 389 Π 482.
335 391 403 421 424 433 670 673 Ἀχέροντα κ 513.

681 695 Κ 14 49 87 92 136 165 ἀχεύων β 23 δ 100 λ 88 ξ 40 π 139
286 306 367 381 450 514 544 555 φ318Ε8691612Σ461 Ψ566 57128.
Λ 3 82 135 214 227 247 511 557 ἀχέων λ 195 Β 694 724 Ε 399 Σ 446

570 617 656 800 823 840 Μ 12 56

ἀχέουσαο 361 ἀχέουσ’ 1 567.

64 74 159223 254 257 261 266 277 ἄχθομαι Ε 361.

333 352 390 431 432 438 Ν 14 31 ἀχθομένην Ε 354.

38 41 47 105144146167 172196 ἤχθετο ο 457 Λ 274 400 Ν 352.
208 220 272 313 367 578 668669 ἀχθος Μ 452 Σ 104.

676 762 808 822 832 Ξ 15 40 42 ἀχθος(οοοοο.)γ312 ι233 υ 379 Tm
90 106 140 354 400 421 505 509 Ἀχιλεύς Α 199 Β 377 A 512 Π 860
011 56 116 248 283 305361370 Χ 312 Ψ 353. .

459 569 629 659 675 Π 21 42 56 ἈχιλεὺςΒ769 875 Η 113 Λ656 Σ28

113 141 237 256 274 277 303 558

12129 273 337 369 381 0116 120

 

