375

734 5115 515 551 1145 151 455
545515 53 5111355351351 55
15115151 114115351 5151143453
411 435 554555 x 141 143 115 443
415 41 154 111331 545 3555515)
5135 34 155 115 133353 555 513.
5511555455 1153153 5315 1141

5113 5535111 53553 115554,

162 262 11334(51’11ῆς) 1204 207
155 531151 5155 3443 534
A 133 1155155151 51555] 1133

’ 115511531 5135115153 11151
11113 113 113 131 133135 553
1445 5115 5131 553 411415
1144515515.

55 5331 5113 355 5133 114 54
1551335515111135 513 535
5355 453 5 55 551155 5153
151353315 51355151143413
431 551 51 51355 5133154
33551111335551545551455
5143 353 335 414 5341 353
1115145 1133 335453 555 554
11115 511 135114 11455 134113
373 373 5135 541 1111 1431
531 51111143435 41511555

5555153 5354 1155 5145151
5555135 5111431 5145 3131
3111155 4155134.

555 5 33 113 313 330 303 345 351
53453114535111113311155
5141 155 535 111 115 141 555 514
335535 511 43 55 53 145 114115
311335 415 455 115 155 555 145
1151315314453 5145455541
543 5111551 115 51 155155135
355 533 511113114151 151 144
115 351453 411 415 55153115
3113514151435 5113351413
435415 455431 5351434 545
151 151 435 433 511513 5153111
133115134331355 51515154

ὅ - ὅ. ‘ 376

551 14311113 111135 41545534
‚3133 133 137 311 343 330 313 341
531 1134155311 1153114133
5555 535 11531 145151 151351
353 333 445451455 553 553 131
5131131111314 5415413551
X 133 311(3is) 333 135455 Ψ 15
135 135 355553 515 4135 5433
135 111 133 345.
5151311115541 531151115445
3135 513 4535 1435 553 514
5555 Ψ 315 331.

51135 5155 5451 5411 111 3433
3537(1’=que!) 55515ἐ5151)
515151 115131455 5355 445
153 55 35 111111113141311
315 5154333 5435 51515554
31 135115133 5115111 5315
551 553555) 5 51 155 143 151 151
153153111 1514151151 5431
433 5313515151533 5411 115
1141415551113351 1133131
351 311 555 5444 451 1551 555
4351 51155555) 5535 15555
145 411 535 531 3 333 333 333
5535 5433 455455 414 51541
15411350 Γ6 7 1511.
551135155551531515354451
45555131151151514
45113111.

55555113111134 5111 u 333 541
5345414453 145551315331
1145 155 335331 11533 5113.
5551531 554 311 1115414 11153
5555 11155 155.

·1ῇσιζ10111781167φό2Ζ298

1533 073 5531 1455 11131151.
5555 5 413 5311 1433 5433 1143
11113 747.

555 5 111 1115 413.

515 μ 55 51 131.

555 5131 133 153 513 1115131

106 156 164 220 261 335382 4051 333 11134 137 182 356 ξ266 411
440 467 471499 609 564 582 536 4361500577 176 213 φ 31 χ300

, 513315 343 5113 151435 435
51515 33 55 53 15 35111113 153
5411 554 A 33 133 313 334 337

305 422 Β766 1534131113 Λ 229
Μ261Ξ31Σ469 3371 Ψ120
377 386 41606.

389 331 435 440 511 517 644 560 ὅ(ρτοη.15156.)(50116.6ς,ἧ,6) 5204300
Β 183 316 Γ 125 203 377 383 413 γ 198 308 0777 12271 467 102 ξ3
437 Δ 30 41 485 Ε 353 375 381 5385 v 372 φ 145 416 111314 360
764 814 893 Ζ 183205 263 292 300 Γ351354 11114 367(οθ111041511.7) 8283
353 331 415411445413 1113 31 (5511555151) 1543 M 330 11111515·
038 186 208 367469 Ι 188 342 (bis) 1115115657)278561((1551511561.7)844 0694

 

