319 ἐρῳδιὸν - εἰς.

εξελθοῦσα κ 573 ἕλθοῦσαν Σ 135 190 116 149 901 939 434 449 447 539
ἐλθούσας κ 411. 589 σ94 37 79 89 199 148 919
εἰλήλουθα ν 957 π 131 1549 Ε 904 398 399 344 353 384400 1 17 48
Φ81 156 53460 εἰλήλουθαςε87 4973 979 990999 994 996 998 399 416
ν 937 049 χ 45 ω 300 A 909 Ζ198 499 435 484 514 540609 υ 55 7
954 Ψ94 εἰλήλουθε υ 191 εἰλήλουθεν 99 160 990 948 379 373 383 φ
γ318 η 199 0131. 944 969 356 391 396 χ 1981143
6161666116 y 81 148. 174 113161 163 131 311336 8
εἰληλουθώςτ 98 υ 360 ἐληλουθὼς Ο 81. 139 170 991 959 995311 315 331
ἀπελήλυθα Ω 766 ἐπελήλυθα 6 968 ἇπ- ω 166 937 399 334 349 430 431
ελήλυθε ω 310 τ 993. A 100 1490118) 990 999 [996 309
εἰληλούθει Δ 590 Ε 44 Λ 930 Ν 364 366 390 409 493 431 491601 Β 9
Ρ 350 Τ 485. 140 158 174 971 303 454 465 667
1663161 (maso.) K 274. 833 Γ 16 11 161 133 166 316 341
ἐρωεῖ μ 75. 70 79 81 180 995 981 999 446
ἐρώει Β 179 X 185 ἐρωείτω P 499. Ε 118 139 904 939 350 360 364
ἕρωήσειπ441 A 303 ἕρωήσουσιΞ 101. 504 687 737 745 788 804 ’891 837
ἠρώησαν Ψ 433 ἐξηρώησαν Ψ 468 Ζ190 907 988338 404 H 55 9111
ὑπερώησαν Θ 199 314 0459. 460 613 60 376 388 389 404 411
ἀπερωήσειας Π 793. 538 197 47 90 166 180 354 381
ἐρωήσαιτ’ Ν 57. 498 480 487 691 K 11 14 98 5
ἕρωήσαι Ν 776 Τ 170. 97939 986 395366 448 576 Λ l
ε’ρωή Π 309 Ρ761 Φ 951. 141 973 331359 36036438] 399
666 6 313 ἐρωῇ Ν 636 ἐρωήν -Γ 61 613 646 164 143 113 843 641
Λ 549 P 569 Ψ 599 ἐρωὴν Λ 357 988 (bis) 301 395 335 Ν 7 31 38
Ξ488. 977 305 645 657 756 ’.98 86 166
ἔρως 1. 3. 1. ἔρος. 030 59 79 136 310 357 490499
ἑρωτάω, 1. 8. v. εἰρωτάω. 706 Π 169 991 391 574013) 640
ε’ςα85 930118) 130144 184 910 976 984 677 714 798 891 839 Ρ31 199
990 369 416 β 59 159 9140113) 991 930 334 433 487 540 Σ 101 1499
959 308 359 (bis) 381 γ9 31 137 138 938 945 353 413 469 Τ3 36 198
159 177 970 996 317 391 396 490 483 173 905 941 967 999 308 409 Yl
485 488 495 636 955 313 359 474 137 145159191197 954 451 Φ
476 563 586 691 635 639 709 bis 58 79 81 156 300 349 597 534
713 809 839 ε 900118) 35 37 4901193 611 X 166 379 397 399 475 499
1150113) 904 359 439 453 458 460 470 Ψ 145 148 150 169 906 953 359
ζ3 15 55 59 65 119 134 176 909 998 574 680 685 704 710 799 814 835
[315] 311 η 7 111611) 80 87 36 154 113631111111131133164331
981 301 317 θ 56 144 170 969 973 431 447458 484 590 553 557 566
977 983 994 996 398 363 469 494504 596 633 713 753 (bis) 795 797.
ι7979106159 161 166 936496 533 ἐς (omisso subst. domus) β 195 θ
556 κ 1 37 69 87 97 107 131 135 π397 Ζ378 379383 384 5916(
141 146148183 194976 987 308340 489.
411 439 453 4740118) [476] 558 569 ἴς 6 48 51 η 318 9450 κ 361 7
λ 13 99 36 63 70 143 393 331 351 3379 0508.
359 375 455 480493 501 μ9 99 196 εἰς α 18 90 179 979 356 411 491
197 135 991 947 953 961 448 ν 59 010 18 55 97 99 398 358 y 153
160 167 900 948 979 985393 398 419 993 686 990 994 596 577 595
414 440 ξ73 196 197 180 931 938 674 751 760 ε 77 917 961 349
965 980 995 318 399 395 397 399333 381 475 ζ 995 θ 19 34 109 314
335 384 (bis) 395 404 498 037 65 99 ι 135 138 916 918 937 337 597
196 199 131 186 936 939447 468 479 158 175 351 490 461 467 ’491 519
539 553 π 104 178 906 985 349 458 599 598 564 1930 86 111 199
473 477 ρ6 10 84 87 104 105 109) 169 351 356 379 399 593 564 η

 

