195

214 222 224 232 234 233 243241
243 243 243 231 233 233 233233
233231 232 233 233 233 332 312
313 313 323 323 333 333 3434313)
-343 343 343 333 331 333 333 333
333 332 333 333313) 433 433 413
413 413423 423 443 432 433 431
433 433 433 433 401 492 403 430
505 503 311 313 323 322 324 323
323 323 333 343343 332333 333
332 333 333 334 333333 333 331
334 333 135 13 13 23 334314)
34 33 32 34 33 33 33 33 33 134
113 113 133 138141 143143131
133 133 132133133 131 133132
133 133 131 134133 233 213 211
212213214 213 222 224223 2231313)
223 232 233 233 233 243243 243
23323123323313140331313)2314333)
234 233 233 233 312433) 314313
324 323 330(01s) 332 333 333 344
, 3323333333333333323333334314)
333 433 431 432 433 422 433 433

“ 442 447 448 449 461 467 468475

434 433431 434433 333 344 123313)
23 23 23 31 32 34 33 42 43 33 34
33 33 33 33 131 132 112114113
113 123 123 133131 132133143
143133 133 133 133133 133131
133 132 134 133 133 232 234 212
213 213 213 223 223 233231233
233 241 243 243 232 233 233231
233 234 233 233 233 233311313
313 333 343 331 332 355 353 332
304 333 303 333015) 332 333333)
333 333 333 333 333 334431432
433 412413 413 423 423423 433
433 443 443 433 432 433 433433
433 431 433 433 431433433 434
333332 333 503 510 312 314 331
332 333 333 553 (bis) 334 [333] 333
333 333 313 314 313 333341 342
343 343 333 333 334333 333 333
332 333 333 333 332333 333 333

3’ - δέ.

83 84 87 89 91 94 95 96 97
1334313) 132 133113 113 1
125 134 138 143 147 1600]
166 176 191 193 196 209 2
230 231 236 247 248 256 2
268 270 273 274 277 286 2
310314 315 317 322323 3

(313331332333 344 343 3
352 355 358 360 372 377 3
387 389 394 396 397 401 44
419 420 424 432 437 442 4
453 455 456 458 459 465 4
473 475 477 (bis) 480 482 4
502 504 505 507 508 511 5
533 549 552 559 570 571 5
3331313) 333332 333 3333
591 595 597 6000313) 604 6
609 612 613 622 625 6276
648 649 659 662 668 682 6856
690 691 696 702 712 7197
726 730 732 747 750 754 7
776 777 782 783 787 788 7

δέ (ἀποδοτικόν).

34 ε 423 4 333 3 143 143 434
334343) ρ 242 A 41 133 3
0540 Ψ 559.

δὲ γ 474 34440) 3347 109 4112
μ 164 ξ405 3502 π 274 ρ 101
υ 33 323333 234 χ 213
41262 Ε261 Ζ146 Η314Ι
509 551 Λ 409 Μ 12 145
P 333 2 23343) Ψ 321.

δ’ γ 1017) 6121 832 (εἰ δ’ ὅγε)
ζ10033185341325 4571
344 κ 126 571 4387 592 μι
ν 144 3439 ρ 359 360 62
χ 187 261 o) 205 430 1158 194
322 Δ 21343) 221 13 433
Θ 20 (post partieip.) 1301 511
433 333 A 233 412431 314
375 Ν 779 O 343 745 Π 1
706 Ρ107 Σ 54517) 355 ’Υ
Φ 560 Χ 381 (εἰ δ’ ἄγετ’) Ψ(
858 Ω 15 445.

700 705 706 708 709 710 711 714 341331113313333133311133).

323324 325 323 323 330 333334)
333 343 341 344 343 332 334 333
3331313) 333 332 333 333 331 332
333 331 334333 334 333 331333
333 311 312 313 315 320 329 330
330 333 333334) 343 3433311314)
332 333 333331 332 333 333332
334 333333) 331 332 333 333 331
13 11 1313 23 23 24 33 41 32 34

34 4333333 3433 433 33
433 423 3443 ξ 243424 333
142 233 ρ 523 v 233 323
χ233 323 4133423 313
309 353 4 423 z 133 333
0400 1411 33332333 Ξ123
333 2333 333 2432 3133
313 34133 133 33 313 333.

33 31333 33 133 133 233 31

 

