699 πολύς.

11011ος γ 262 6 170 01427 A 559 Β4
Γ 126 A 230 298 385 43804 Ν734
06611827 12313 (1159131 11204
479 520.
’ 11016 ζ 86.

11011ος 6405 v 25 A 244 Ε 597 Ψ475

521 562.

110160 156 1100111 1 387.

πολέεσσι σ 123 v 200 1101110011 ε 54
πολὺ (pro adverb.) 11 113 β 48 167 y 358
6698 139 8129 197 221 284 543
1228 276 449 537 11396 1239 310
358 515 621 0109 ξ220 096 1189
343 445 131 333 4040) 533 1311
381 ‹9154325 χ333 353 5517 41130)
167 169 229 581 Β529 577 580 702
’ 769 817 Γ41 A 51 56 307 373 507
Ε 201 378 Ζ91 125 158 272 1128
105162 268 0144211256 1250 700
11557 A 162 217 236 Ν161815 Ξ442
467 0 165 181 226 448 641 Ρ3310)
343 354 4114111155 Σ 109 01135]
368434 X 40 1031 108 233 459 Ψ 288
¹ 386 429 572 577 Ω 748 762.

πολλὸς ψ 250 305 Η 156 Ν 804 Σ 603.
πολλῷ Τ 81.
1011616686 1011611164 0407 0494
11572 574 A 495 X 31 Ψ 245.
1101101011014381239 1334 Ε 624
11236 Λ483 Ν 709 Ρ 95 1101101
01 176 355 395 0181 241 64950113)
333 3 11 [53] 311 140 43 530
ξ200 281 0273 11134 473 0269
596 1174 379 012 60 367 11119
217 56811242 6161 177803 Γ183
A 77 538 543 Ε 383 2151227 229
11328 0344 1467 11227 A 159
179 Μ14 427 429 Ν 733 17123
02 11370 448 Σ542 Τ226 Τ214
1116 11303132 11737.
πολλῶν 03 6717 ξ 69 236 ο) 382
Ε176 8253 17497116 A 514
Ν360 0291 11425 Ρ393 1144
11011010111244 0330 390 1110 Β 483
Φ524 Χ 28 110110101163 02401239
407 0126 Φ 188.
πολλούς 3 23 1266 v 313 Φ 236 344
11608 110110640212 6257 1364 516
ξ 271 0440 0153 χ229 384 1546
Μ 226 Π 747 Σ 271 (11102.
1101161145 1 469 A 307.
πολλῷ 1397 μ237 σ 336 ω 67 Φ362.

700

1101161 κ 359 1450 17 Ψ320.

1101101 α 129 675 ξ231 0422 178
8459 469 8554 1364 11410 1101161058
6522 6160 279 1183 1340 5360)
μ263 0452457537 1153 01043)
14156 891464 Ε 92 Ζ47 1227
11132 559 573 684 Μ 22 Ν 797
3134 0314311113 11113114
Ρ760 Σ291 (11301585 Ψ116 11611
0349 ζ184 Ν 268.

πολλῶν 1 195 01272.

πολλοῖσι Ν 555 11011οῖ0111 0 265 1482
πολλοῖς 0 232.

1101101 (1188 ε 267 η 157 1281 0537
0164 2310) 1310 10304 ω 51 A 124
8213 8481619 2169 Η130 0204
509 177 599 1112 Λ704 1789179
03082 Σ400 11556 11011601
40) 112 278 292 337 427 β 102
174 197 223 312 343 γ 54 232 273
274 312 393 445 633 81 9596164
2300113) 427 0) 5720) ε 2230111) 340
377 422 449 ζ174 175 082 147 224
242 264 01550113) 182 184 269 1 15
41 45 53 4650) 1140 3090) 465 1280
019 347 440 16 90 131 203 310
ξ65 120 232 250285 289 385 0159
176 230 401 489 492 1119 63 189
0118 284 287 331 474 527 0139
164 147 170203 272281 285483
111οφ207 χ470113) 273 335 ψ53
85 101 169 267 338 357 ω 45 65
137 207364 A 35 162351 8255
660 690 Γ99 3175 197 358 528
822 231 356 507 547 1148 183
234 290 320 330 333 348 454 464
466 4920115) 519 541 581 584585
114 A 243 764 Ν 626 0132 456
685 721 Π 424 647 838 Ρ66 356
668 Σ 321 449 455 482 560 Τ265
Ῥ247 Φ42 82 368 5510) 1151 91 170
220 239 505 ἶ11166 196 607 (bis)
705 Ω 1420) 192 381 518 685
1161170) α 140229 β 132 7113 179
264267 656 81 15 39 0176
6505 1470111372] 183530 0268
2731137221 ξ67 ο[139] 176401
095 393 016 329 1373 03 391
0174Γ242 41229 Ζ207 3511109
179 [460] 540 567 634 639 A 782
1167 Ῥ255 Φ230 1161380 11328.

110116 (adverb. instar) H 130.

110116 al 054 ,393 445 ξ 120 435
351 Ε 197358 1183 454 464581

 

