ὅ.

870 Γ 13 A 237455 456 Ε475 543
(-ῥα 501063) 656 673 834 Ζ 16 27 57
225 293 1144 6174 8213 4291522
524 559 573 I( 113 187 215295 408
483 506 A 80 81 264 540 594 693
7030) 827 Μ 24 93 94 98 104 151
159 278 287 436 Ν 65 85 333 337
Ξ189 427 0275413665 Π366 633
635 Ρ68 172 260 280 631 733 755
Σ 595 Τ 105111 Τ18 156 210 352
374 Φ 20 611 Χ424 494 Ψ 174
234 311 399 Ω 1670) 256 338 366
400 456 494 498 512 546 653.
τοῖσι α 28 146325 367423 β 15 157
224 409 γ330 338 362 415 417 474
6183 535 ζ28 047 0121 468
224241 1287 342 ν 24 374 ξ471
0166457502 ρ 71 100151 184369
σ 253 306 405 422 τ 103 126 430
’437 508 0185350 φ 101 27οχ205
318 321 461 ω 225 442451 502 Α 58
68 101 247 348 Β 76 142 336 453
565 568 652 Γ 96 303 455 Ε 395
420 H 136 164 165 167 314 354 365
383 445 Θ 262 263 265 I 52 173
179 335 533 622 K 62 203 219 233
274 Λ 13624 Ν156 829 Ξ109 347
0 42 281 321 668 699 Ρ 459494
628753 Σ 249 316 508 523 545 556
Τ655 76 Τ36 Φ287 Χ167 Ψ17
29 108 109 153 566 758 889 Ω 62
103 125 445.
τοῖσιν α 9 151 β 163420 γ386 67
339 658 660 773 η 185212 233 34
25 59 421 ι 112 335 κ 115198 550
561566 4335 μ277311 324 394 016
171 ξ337 0292 5549 215345363394
406 ρ 130 042 50 290 349412 423
5148 0 242 244 247 270359 0140
143 269 χ69 217 ψ 146 293 40422
469 Α 269 450 479 571 Β411 805
Γ 188 275 A 270 396 Ε 777 Η 347
Κ 59 414 Λ502 Ν 689 Π 166 Ρ 705
728 Σ 494 506 569 Ω 690.
τοῖςγ 68 390 490 6 630 ε 202 θ 132
μ252 425 ξ88 459 0188 304324
439 051 60 τ 196 03670) 0130
274χ 131 247261 ω 84 490 A 342
597 Β 433 516 524 680 733 747
A 153 Ε’131 150 820 Η 170 324
I 93 417 684 Κ 63 196 241 330
A 120 Μ 369 372 Ν 753 O 134
Ρ384 740 Σ103 Τ405 Ψ342 Ω. 252.
τούςν 274 π 404 v 187 Π 94 Τ340.

572 ·

τοὺς 6 40 49 048 478 361 498 100
193 291 331 370 407 427 467 κ 48
125 218 284 449 λ 34 122 250 258
μ 243 ξ 17 35 272 ο 133 147 482
π 297 475 ρ 88 215 254 441 τ 573
v 164 382 φ 190 χ 34 42 246 383
ψ 57 269 371 ω 4 418 427 429 450
493 533 Α 191 409 Β 55 314474
476 681 744 Γ 207 243293 A 227
233 241 255 283 292 301 336 364
439 (bis) E148155 163241 271 321
519 590 711 862 Η 17 129 382479
Θ 211 350434 1499 070 1197179
190287 302 322 Λ 99 148177304
323 333 341 367 406 426 686 701
Μ 67 195 331 424 Ν2 83 88 94
194 480 761 5140554) 72 405 279
304 373 500 07055) 67 343 455
595 Π 28 96 263431 697 2219533
Τ 377 Τ 54 [135] 454 Φ 3 29 237
Χ 18 Ψ 182 348572 Ω 260344
477 497 605 612.

οὑμὸς, ὤριστος, ωὐτὸς v. s· v. ἐμός,
ἄριστος, αὐτός.

τότ 283 υ 381 A 116-325 8873 Γ55
Η28 Π55 Ρ417 X301 Ψ332 1152.

τὸ β 450) 137 3508(bis 7185 7370
386 393 77 162 44430 μ 75 ρ 223
082 5470 487 v 52 83 220 φ337
χ 280 ω 296 A 167 212 228 234563
Β 257 41323 24071491 8401454
1422 706 Κ 256 Λ 267 405 848
Ν 408 564 565 597 037 207 Π 346
349 457 611 675 Ρ232 527 Σ 549
Τ 63 161 376 Τ440 Φ 13 261 300
437 X 163 275 Ψ328 672 876.

τοῑοΑ 493 (ἕκ-) Π 472 Ω 31 (ἐμ).

τοῦ α 74 (ἐκ -) 212 (ἐκ -)ζ182 4325
7581 7)φ 113318 Η451 452 8296
054 - Ι 106 (ἐξ ἔτι -6τε) Ν 779 04
- ἐξ οὗ) Ξ 173 Ο 69 (ἐκ -) 601
(ἐκ -) T 374 0 230 Ψ 323 004
106 (vid. τοῦ relat.) 235.

τῷ γ306 5263 309 η 326 77 127 440 ¹
7241 413 3134 2373 7252 347
109 187 329 351 743 Γ 189 A 531
Ε 210 305 Ζ 345 Θ 475 430 1253
439 A 467 638 766 Ν 335 3175
250 076 Ρ401 Σ85 2608998 ,
Φ 5 77 166 Χ 359 410 471 Ψ87394.

τό γ 346 η 167 0 143 446 ν15
ξ 119 092 283 π 302 ρ 401 56
φ110126 [4120178 Γ1760)0Ο
Ε 827 853 Ζ 167417 112390) 28

9
8
8
l

 

