179

55. ’

445445 443 445 443 454 455 455
454 455 455 455 5 5 35 55 55
55 54 75 55 54 555 553 553 534
535 533 553 555 555 174 179 159
199 199 909 555 555 545 543 555
555 553 555555 555 535355 355
355 355 345 344 355 955 355335
393 997 455 409 411 455 435 435
433 445445 455 453454 435555
555 555545 545 545 553 555 554
55 55554) 55 55 33 35 35 45 55
55 55 55 55 35 (bis) 53 555 553555
555553 535 553 555 553 555 553
535555 5355554) 533 555 553555
553 555 553553 535 535 545545
555 553 555 554 555 974951913
355 335 333 355 455 455 455435
455 455 555 539 595 597 595 545
551 555 570 573 574 575 535554
555 505 595 545555 535535 719
11 55 555 555 545 543 555 553 555
533553553533535533545555555)
553 553553 553554555 535 339 340
355 355 355 355 435 453 433455
555 555 553 554 553 535545 555
553 Λ 55 55 55 35 35 45 44 43 55
55 55 53 55 9095 35 97119199
555 555 553 555 553 535 553 555
555 534 545544 545 553 555555
555 (515) 555 553 307 345344 345
955 955 957 375 353 333 335 355
455 455 455455 445 445443 453
453 455 455555) 433 435435 434
555 553 555 555 554 555 535 535
535553 544 545554) 545 555 555
553 555555 553 554 (515) 535 535
535 533 533 553 555 517594590
535 534 545 544 545 551559559
[555] 555 550591 533 535 555 555
535 545 554 555 555 553 535 533
905511 354 355 343 345 1719 5
54 55 35 35 45 55 55 53 53 55 55
55 35 35 34 33 555 535 553 555
535 555 914941 545 959955951
9999959093199913409599594510
351 375 354 957 335 999419499
433 445 455 455 455 451453454
455 453 455 553 54 55 55 55 99 (5159
35 35 45 45 43 55 55 55 53 53 555
553 554 535 535 545 149159159
170179 179175 175 5554553) 533
555 553 555 553 535 9419459734
995 995 997 995 999 303 314 3551
333 355 353 555 355 959 979 395

150

955 955 409 419 495 445455 459
497 509 507 515 595 599 545 545
551 555 575 577 550 553 599 505
509 510 515 5155bis)599 553 555
555 571 575 595 593 794 737 795
755 755 790 534 355 553 Ξ54 55
5534 33 45 45 55 55 55 53 55 555
555 555 553554 195 151 155 157
171 151 199 197 999 940 954 970
979 535535 999 999 900 309 995 399
939(7) 334 333 355 554 379 973 359
999 393 409 405 415 417 491 499
441 450 459 457 457 495 497 499
507 514 515 515 519 094 55
55 55 55 53 55 55 34 45 55 55
55 35 35 35 555 109 194 545554
157 555555 154 159 535555 919
997 944 947 950 955(5is) 555535
355 355 354 355 555 355355 335
335335 399 341 349 945 345355
955 957 951 355 355 454455 455
435 435 445 455 453 [435] 455555
554 555 535 535 545 545 555555
555 555 557 574 5754515) 551 559
591 599 594 509 507 505 595 547
555 555 559 555 577 594 557 594
595 595 599 704 713 715 717 799
734 743 745 775 55 55 45 55 55
53 53 554 555 555 535 135145159
555 553 555 555555 193 555555
911 919 931 994 955 959 555555
979 975 555533 994 534355 309
910 319 315 353353 399 395(5is)
990 939 935 399 941 (bis) 355355
954 955 357 959 355 973 975 955
990 400 4555555) 455 435435 453
455455 4555553) 455 555 553554
555554 535 544 545 545 555553
535 555 535 534533 555555 555
577 595 715 799 535 554545 553
555 554 555 553535 554535 533
555555) 355 355 555 555 355555
333 345554 53 19 17 55333535
45 50(5is) 59 55 51 57 105 114115
119(bis) 193 194(his) 197 155 170
155 919 915 995 947 951 959 959
554555 555555555 9973053114755)
314 3555555 353335 345 347 351
959 353355 959 355354 353355
954 955 431 499 449 455435 459
511 515 599 595 544 550 559 559
557 553555 535535 534 5355555)
535 555 503 507 515 519 599 595
547 545 550 555 535 533 555534

 

